0 0.0418701 0.622559 0.0368652 0.0488281 0.921387
0 0.460815 0.180664 0.0529785 0.0500488 0.92041
0 0.449219 0.0800781 0.0390625 0.0546875 0.912598
0 0.0518799 0.668457 0.0444336 0.0429688 0.910156
0 0.534668 0.0755615 0.0527344 0.0488281 0.902344
0 0.0146942 0.662109 0.0293884 0.0380859 0.884277
0 0.519531 0.0697021 0.0527344 0.0395508 0.831543
0 0.0417938 0.701172 0.033844 0.0390625 0.821777
0 0.0157471 0.70459 0.0307617 0.0439453 0.778809
0 0.975342 0.625488 0.0336914 0.03125 0.741699
0 0.234131 0.00827026 0.0219727 0.0165405 0.651855
0 0.945312 0.640625 0.0263672 0.0322266 0.636719
0 0.964111 0.660156 0.0307617 0.0410156 0.594238
0 0.802734 0.00492859 0.0253906 0.00985718 0.566406
0 0.886719 0.580566 0.0205078 0.0322266 0.294922
0 0.968262 0.646484 0.0244141 0.0185547 0.177734
0 0.988281 0.618652 0.015625 0.0224609 0.128906
1 0.234619 0.0083313 0.0229492 0.0166626 0.102905
0 0.956543 0.665039 0.0195312 0.0332031 0.0982056
2 0.308594 0.268066 0.0292969 0.0546875 0.0643311
1 0.308594 0.268066 0.0292969 0.0546875 0.0613403
0 0.988281 0.625 0.0175781 0.0292969 0.0456543
0 0.457153 0.0996094 0.0270996 0.0153809 0.0294952
2 0.116943 0.924316 0.0131836 0.0136719 0.0246582
0 0.973389 0.630859 0.0297852 0.0263672 0.0236511
0 0.0137329 0.722656 0.0246582 0.0107422 0.021225
2 0.12561 0.932617 0.0102539 0.0107422 0.0190277
1 0.11731 0.924805 0.0136719 0.0146484 0.0171051
0 0.956543 0.672363 0.0175781 0.0195312 0.0169983
1 0.0414581 0.622559 0.0369568 0.0488281 0.015976
1 0.0146332 0.662109 0.0292664 0.0380859 0.0158539
0 0.979248 0.617188 0.0336914 0.0302734 0.0157776
1 0.46167 0.180542 0.0532227 0.0500488 0.0147705
