2 0.318115 0.894531 0.0297852 0.03125 0.897461
2 0.0204468 0.680664 0.0165405 0.0253906 0.677734
2 0.0352936 0.699219 0.0143738 0.0185547 0.67627
2 0.0190125 0.700684 0.0210571 0.0195312 0.556152
2 0.0269775 0.699707 0.0189209 0.0205078 0.547852
2 0.00973511 0.692383 0.0167847 0.0185547 0.166382
1 0.019043 0.700684 0.020813 0.0195312 0.0639038
2 0.0161743 0.703613 0.0176392 0.0146484 0.0587769
2 0.0198364 0.696289 0.0186768 0.0195312 0.0462952
2 0.395508 0.875977 0.0102539 0.0175781 0.0298615
2 0.635254 0.0382538 0.0136719 0.0238342 0.0282745
2 0.0180359 0.681641 0.0249634 0.0302734 0.0268555
2 0.371582 0.950684 0.00927734 0.0234375 0.0257568
1 0.318359 0.894043 0.0297852 0.03125 0.0255737
2 0.748047 0.438477 0.0136719 0.0161133 0.0253754
2 0.574707 0.0339966 0.0117188 0.0195312 0.0238495
0 0.244629 0.844727 0.0214844 0.0371094 0.0204163
2 0.936035 0.983398 0.0263672 0.0273438 0.0201416
2 0.993164 0.250244 0.0136719 0.019043 0.0168762
2 0.991211 0.302979 0.015625 0.0170898 0.0150452
2 0.62793 0.0131836 0.0126953 0.0250244 0.01371
1 0.452148 0.92041 0.00830078 0.0322266 0.0125809
2 0.343018 0.861816 0.0166016 0.0107422 0.012291
2 0.544434 0.0478516 0.0126953 0.0194092 0.0102463
