2 0.397461 0.61084 0.0195312 0.0205078 0.792969
2 0.572266 0.724121 0.0185547 0.0292969 0.444092
1 0.572266 0.724121 0.0185547 0.0292969 0.432861
2 0.636719 0.657227 0.015625 0.0263672 0.216919
2 0.528809 0.594727 0.0214844 0.0185547 0.116943
1 0.52832 0.780762 0.0166016 0.0126953 0.105957
1 0.52002 0.780762 0.0195312 0.0126953 0.104919
2 0.533691 0.821289 0.0234375 0.0214844 0.0538025
2 0.424561 0.760254 0.0170898 0.0214844 0.0476074
1 0.528809 0.594727 0.0214844 0.0185547 0.0423279
1 0.432861 0.228516 0.0175781 0.0161133 0.0289001
2 0.52832 0.780762 0.0166016 0.0126953 0.0193787
0 0.52832 0.780762 0.0166016 0.0126953 0.01828
2 0.52002 0.780762 0.0195312 0.0126953 0.0168915
2 0.432861 0.228516 0.0175781 0.0166016 0.0137634
2 0.442139 0.00863647 0.0146484 0.0119019 0.0114746
2 0.412598 0.641602 0.0151367 0.0166016 0.0104675
