2 0.0547485 0.467163 0.0246582 0.0217285 0.812012
2 0.443359 0.287354 0.0239258 0.0263672 0.38623
2 0.105835 0.486816 0.015625 0.0244141 0.209106
2 0.229736 0.703613 0.0209961 0.015625 0.100952
2 0.506348 0.351074 0.0185547 0.0136719 0.0796509
2 0.00582886 0.545898 0.0116577 0.0361328 0.0684204
2 0.127563 0.307617 0.0192871 0.0239258 0.0453186
1 0.00567627 0.54541 0.0113525 0.0380859 0.0325928
2 0.111084 0.311768 0.0166016 0.0195312 0.0167999
2 0.107422 0.489258 0.0129395 0.0205078 0.0155869
2 0.90918 0.562988 0.0117188 0.0117188 0.0149612
2 0.109253 0.492676 0.00952148 0.0136719 0.0128479
2 0.212646 0.700684 0.0180664 0.0175781 0.0121078
2 0.694824 0.720703 0.0224609 0.0195312 0.0111542
