0 0.278076 0.816895 0.0219727 0.0292969 0.861328
0 0.134766 0.398193 0.0490723 0.0400391 0.842773
0 0.134033 0.460938 0.0383301 0.0419922 0.812012
1 0.715332 0.951172 0.0224609 0.0410156 0.763184
0 0.176758 0.376221 0.0356445 0.0214844 0.750977
0 0.142334 0.431885 0.0310059 0.0473633 0.739746
1 0.301514 0.616211 0.0405273 0.0517578 0.73291
0 0.0977783 0.444336 0.0390625 0.0229492 0.729492
0 0.136841 0.362061 0.0405273 0.0512695 0.717285
0 0.107788 0.421875 0.0488281 0.046875 0.717285
0 0.21228 0.412598 0.0197754 0.0400391 0.515625
0 0.135986 0.372559 0.0410156 0.034668 0.389893
0 0.30127 0.616211 0.0405273 0.0507812 0.310547
2 0.012619 0.897949 0.025238 0.0537109 0.172852
0 0.116577 0.419434 0.0415039 0.0400391 0.078064
1 0.17688 0.376221 0.0368652 0.0214844 0.0603027
0 0.134155 0.376221 0.0366211 0.0239258 0.0570679
1 0.27832 0.816895 0.0219727 0.0283203 0.0262146
1 0.0126038 0.897949 0.0252075 0.0517578 0.0254211
2 0.715332 0.951172 0.0224609 0.0410156 0.025116
1 0.0977783 0.44458 0.0393066 0.0214844 0.015976
0 0.715332 0.951416 0.0234375 0.0405273 0.0116425
