0 0.630371 0.296143 0.0419922 0.0493164 0.909668
0 0.806152 0.0126648 0.0292969 0.0253296 0.895508
0 0.867188 0.549805 0.0800781 0.0898438 0.887695
0 0.608398 0.268799 0.0478516 0.0493164 0.882812
0 0.702637 0.0124207 0.0292969 0.0248413 0.877441
0 0.791992 0.517578 0.0859375 0.0800781 0.869141
0 0.365234 0.583984 0.0371094 0.0351562 0.835449
0 0.332031 0.575684 0.0424805 0.0351562 0.80957
0 0.400146 0.583984 0.0341797 0.0351562 0.808594
1 0.42749 0.583496 0.0239258 0.0351562 0.79834
0 0.677734 0.0102386 0.0341797 0.0204773 0.770996
1 0.597168 0.29248 0.0244141 0.0327148 0.465576
1 0.303955 0.519043 0.0185547 0.03125 0.457031
1 0.426025 0.54248 0.0268555 0.0195312 0.351074
0 0.597168 0.29248 0.0253906 0.0332031 0.341553
0 0.426025 0.54248 0.0268555 0.0195312 0.325195
0 0.60791 0.591797 0.0214844 0.0322266 0.299561
1 0.399902 0.583984 0.0341797 0.0361328 0.281006
0 0.871094 0.51416 0.0605469 0.0195312 0.276123
1 0.60791 0.592285 0.0214844 0.0322266 0.273926
0 0.847168 0.135132 0.0117188 0.0214844 0.243896
0 0.314453 0.59082 0.015625 0.0195312 0.239624
1 0.314209 0.590332 0.015625 0.0195312 0.239258
1 0.870605 0.51416 0.0625 0.0195312 0.160522
2 0.306396 0.580566 0.0131836 0.0185547 0.159302
1 0.79248 0.517578 0.0849609 0.078125 0.120239
1 0.332031 0.575684 0.0429688 0.0351562 0.115234
0 0.315674 0.587402 0.0161133 0.0214844 0.110779
0 0.687988 0.0125732 0.0224609 0.0220337 0.103882
0 0.316895 0.571777 0.0146484 0.0244141 0.102173
2 0.303955 0.519043 0.0180664 0.03125 0.0950928
1 0.608398 0.268555 0.0478516 0.0483398 0.0869141
1 0.424561 0.561035 0.0224609 0.0224609 0.0802002
0 0.338623 0.577148 0.0317383 0.0322266 0.0775757
2 0.830078 0.0892334 0.0146484 0.0239258 0.0751343
1 0.316895 0.571777 0.0146484 0.0244141 0.069397
1 0.307861 0.582031 0.0161133 0.0224609 0.0667114
1 0.315674 0.587402 0.0166016 0.0214844 0.0555115
0 0.421875 0.565918 0.0200195 0.0224609 0.0516968
1 0.310547 0.578125 0.0141602 0.0205078 0.0491028
0 0.426758 0.583496 0.0253906 0.0361328 0.0490417
1 0.868164 0.549805 0.0810547 0.0898438 0.0489197
0 0.423828 0.562012 0.0205078 0.0195312 0.0418091
1 0.421875 0.565918 0.0200195 0.0224609 0.0389099
0 0.307861 0.58252 0.015625 0.0224609 0.0373535
0 0.690918 0.00793457 0.0175781 0.0150757 0.0316772
1 0.630371 0.296631 0.0419922 0.050293 0.0298462
0 0.671875 0.00654602 0.0214844 0.013092 0.0283203
1 0.314209 0.568359 0.0131836 0.0195312 0.0265808
1 0.36499 0.583984 0.0371094 0.0351562 0.025589
1 0.830078 0.0892029 0.0146484 0.0237427 0.0240784
1 0.806152 0.0127563 0.0302734 0.0255127 0.021637
0 0.683105 0.0125427 0.0332031 0.0203247 0.021347
0 0.314209 0.568359 0.0131836 0.0195312 0.0196838
2 0.308105 0.583496 0.0161133 0.0263672 0.0193787
0 0.424805 0.558594 0.0249023 0.0292969 0.0189514
2 0.313721 0.590332 0.0166016 0.0205078 0.0175781
2 0.426758 0.54248 0.0263672 0.0195312 0.0173187
2 0.310547 0.578125 0.0141602 0.0205078 0.0154266
1 0.63623 0.338867 0.0253906 0.0229492 0.0148697
2 0.427734 0.583496 0.0229492 0.0341797 0.0146332
0 0.381348 0.587402 0.0146484 0.0244141 0.0133972
1 0.677734 0.0103607 0.0371094 0.0207214 0.0130997
0 0.325195 0.579102 0.03125 0.0273438 0.0126877
0 0.310547 0.578125 0.0141602 0.0205078 0.0126114
0 0.318604 0.588867 0.0219727 0.0166016 0.0114899
1 0.338623 0.577148 0.03125 0.0322266 0.0102539
0 0.303955 0.519043 0.0180664 0.03125 0.0100937
