1 0.341797 0.245361 0.0458984 0.050293 0.821777
2 0.157715 0.351318 0.0283203 0.0336914 0.745117
2 0.639648 0.313232 0.0292969 0.0410156 0.482422
1 0.639648 0.312988 0.0292969 0.0415039 0.382812
2 0.342041 0.245361 0.0463867 0.0507812 0.127808
2 0.703125 0.0873108 0.0253906 0.0255737 0.122009
2 0.23999 0.200317 0.0292969 0.0231934 0.117432
2 0.400146 0.699707 0.0224609 0.0283203 0.112061
0 0.927246 0.188354 0.0166016 0.0114746 0.0151138
2 0.00939941 0.753418 0.0185547 0.0371094 0.0110931
2 0.219727 0.207275 0.0141602 0.0126953 0.0110397
2 0.875488 0.910645 0.0224609 0.0292969 0.0106735
