2 0.506348 0.57666 0.0351562 0.0566406 0.883789
2 0.793945 0.873047 0.03125 0.03125 0.861328
2 0.841797 0.967773 0.0185547 0.0351562 0.720215
1 0.404297 0.203613 0.0136719 0.0239258 0.558105
2 0.404297 0.203979 0.0136719 0.0246582 0.317627
2 0.949707 0.32959 0.015625 0.0229492 0.103271
0 0.835938 0.0115051 0.015625 0.0206909 0.0731812
1 0.363037 0.838379 0.0131836 0.0126953 0.023941
1 0.506348 0.57666 0.0351562 0.0556641 0.0195312
1 0.409424 0.18689 0.012207 0.0158691 0.0162811
1 0.41333 0.728027 0.0200195 0.0117188 0.0162506
2 0.655762 0.856934 0.0273438 0.03125 0.0152664
1 0.369385 0.836426 0.0229492 0.0126953 0.0124588
2 0.34375 0.394531 0.0126953 0.0102539 0.0124435
