0 0.655762 0.268066 0.0214844 0.0219727 0.729492
0 0.677734 0.269775 0.0136719 0.015625 0.496338
1 0.655273 0.296387 0.0253906 0.0224609 0.292236
1 0.345947 0.655273 0.0117188 0.0195312 0.221802
2 0.656738 0.297363 0.0263672 0.0229492 0.0623779
2 0.910645 0.617676 0.0380859 0.0449219 0.0505676
0 0.345947 0.654785 0.0117188 0.0195312 0.0463562
0 0.707031 0.231201 0.0136719 0.0131836 0.0423889
1 0.655273 0.268066 0.0214844 0.0224609 0.0233154
0 0.350098 0.610352 0.0224609 0.0117188 0.0202637
0 0.655273 0.296387 0.0244141 0.0229492 0.019516
2 0.345947 0.655273 0.0117188 0.0195312 0.0184784
0 0.708984 0.234131 0.015625 0.0180664 0.0149612
0 0.354492 0.611328 0.0307617 0.0136719 0.0126724
2 0.699707 0.248535 0.0136719 0.0102539 0.0115509
