2 0.150635 0.854492 0.0349121 0.0361328 0.899902
2 0.688477 0.830566 0.0224609 0.0234375 0.680176
2 0.411621 0.927734 0.0166016 0.0185547 0.259766
2 0.401367 0.864258 0.0224609 0.0214844 0.25
0 0.94043 0.334473 0.0498047 0.0576172 0.244751
2 0.426514 0.933594 0.0126953 0.015625 0.0559692
1 0.150757 0.854492 0.0361328 0.0371094 0.0289154
2 0.700195 0.84668 0.0117188 0.0166016 0.027771
2 0.667969 0.845215 0.0166016 0.0234375 0.0203857
2 0.67334 0.844727 0.0146484 0.0214844 0.0161285
2 0.875 0.0363159 0.0166016 0.0134277 0.0142975
2 0.417969 0.929688 0.0268555 0.0214844 0.012886
2 0.420654 0.873535 0.0126953 0.0234375 0.0118027
2 0.648926 0.880859 0.00976562 0.0214844 0.0116959
0 0.941406 0.294189 0.0214844 0.019043 0.011528
1 0.688477 0.830566 0.0224609 0.0234375 0.0103073
