0 0.317871 0.564941 0.0522461 0.0556641 0.927246
0 0.252441 0.567383 0.0444336 0.0576172 0.921875
0 0.21875 0.724609 0.0683594 0.0634766 0.919434
0 0.591797 0.0176697 0.0253906 0.0352173 0.892578
0 0.233337 0.849609 0.050415 0.0576172 0.887207
0 0.216858 0.344971 0.0203857 0.0429688 0.828125
0 0.519531 0.571777 0.0664062 0.0546875 0.786621
0 0.248047 0.649902 0.0341797 0.0361328 0.767578
0 0.299805 0.491577 0.0390625 0.0471191 0.756836
0 0.250732 0.509277 0.0400391 0.0488281 0.725586
0 0.139893 0.814453 0.0529785 0.0380859 0.723145
0 0.448486 0.592773 0.0532227 0.046875 0.710938
0 0.790527 0.0285645 0.0595703 0.0462646 0.702148
0 0.468018 0.631836 0.0581055 0.0527344 0.576172
0 0.508789 0.609863 0.03125 0.0322266 0.552734
0 0.0359497 0.14917 0.0246582 0.0244141 0.550781
0 0.382812 0.572754 0.0375977 0.0214844 0.550293
0 0.181885 0.853516 0.0385742 0.0449219 0.477051
0 0.730957 0.010437 0.0126953 0.020752 0.464844
0 0.396973 0.589355 0.0625 0.0517578 0.41626
0 0.386719 0.574219 0.0473633 0.0263672 0.406738
0 0.450439 0.631836 0.0600586 0.0527344 0.304688
0 0.447266 0.636719 0.046875 0.0439453 0.241455
0 0.176025 0.903809 0.0166016 0.0634766 0.221313
0 0.299316 0.389648 0.015625 0.015625 0.220825
0 0.460205 0.615723 0.0483398 0.0283203 0.109253
0 0.419678 0.599121 0.0141602 0.0380859 0.0914917
0 0.476074 0.62793 0.0410156 0.0429688 0.0906372
1 0.519531 0.571289 0.0664062 0.0556641 0.0888062
1 0.591797 0.0177612 0.0253906 0.0355225 0.0871582
0 0.483398 0.62207 0.0244141 0.0322266 0.062439
1 0.218811 0.724609 0.0672607 0.0625 0.052063
0 0.442383 0.642578 0.0336914 0.0361328 0.047821
1 0.317627 0.564941 0.0517578 0.0566406 0.0421143
0 0.447876 0.601074 0.0632324 0.0683594 0.0370789
0 0.106567 0.223572 0.0187988 0.0181885 0.0336304
0 0.444214 0.614746 0.067627 0.0664062 0.0302277
0 0.0441895 0.171997 0.0172119 0.0187988 0.029953
0 0.199524 0.869629 0.0653076 0.0498047 0.0249176
0 0.500488 0.611816 0.046875 0.0341797 0.0229034
0 0.436523 0.612793 0.0463867 0.0498047 0.0215302
1 0.251953 0.567383 0.0439453 0.0566406 0.0208893
0 0.46582 0.611816 0.03125 0.0214844 0.0178833
0 0.206604 0.868164 0.0526123 0.0322266 0.0174866
0 0.174805 0.879395 0.0214844 0.0869141 0.0163574
0 0.456909 0.640137 0.0646973 0.046875 0.0158386
1 0.381348 0.572266 0.0380859 0.0214844 0.0153809
0 0.25293 0.501587 0.0449219 0.0720215 0.0144577
1 0.216858 0.344482 0.0203857 0.043457 0.01371
1 0.233337 0.849609 0.0494385 0.0576172 0.0135345
0 0.4375 0.60498 0.059082 0.0566406 0.0117264
0 0.493164 0.615234 0.0419922 0.0371094 0.0116043
0 0.192017 0.881836 0.0661621 0.0917969 0.0113068
1 0.299561 0.492065 0.0390625 0.0471191 0.0111694
1 0.139771 0.813477 0.0534668 0.0361328 0.0109711
0 0.423096 0.603027 0.0214844 0.0449219 0.0104218
0 0.175049 0.899414 0.0239258 0.0732422 0.0103226
