0 0.196533 0.967285 0.0712891 0.0654297 0.927734
0 0.175293 0.915039 0.0717773 0.0703125 0.910645
0 0.240479 0.920898 0.0576172 0.0771484 0.892578
0 0.126709 0.969727 0.0727539 0.0605469 0.796875
0 0.175171 0.783691 0.0793457 0.0830078 0.738281
0 0.155396 0.970947 0.0524902 0.0581055 0.260742
1 0.175537 0.783203 0.0771484 0.0839844 0.206299
0 0.162842 0.978271 0.0375977 0.0415039 0.117676
1 0.240723 0.919922 0.0561523 0.0761719 0.058075
1 0.174683 0.915039 0.0700684 0.0712891 0.0506592
0 0.16687 0.987305 0.0307617 0.0234375 0.0433655
1 0.126862 0.969727 0.0734253 0.0605469 0.0241699
1 0.15564 0.970459 0.0537109 0.059082 0.0176086
0 0.154785 0.981445 0.0441895 0.0351562 0.0160828
0 0.16748 0.991211 0.0283203 0.015625 0.0138855
1 0.196533 0.966797 0.0703125 0.0644531 0.0134506
