0 0.755859 0.710449 0.0546875 0.0615234 0.92334
0 0.687988 0.724121 0.0537109 0.0576172 0.912109
0 0.781738 0.693359 0.0585938 0.0439453 0.882812
0 0.724121 0.71875 0.0478516 0.0546875 0.873535
0 0.73584 0.184814 0.0625 0.0292969 0.407227
2 0.0852356 0.239197 0.0443726 0.0430908 0.213257
0 0.342041 0.791504 0.034668 0.0273438 0.150513
0 0.342529 0.799805 0.0366211 0.0429688 0.0776978
1 0.782715 0.693848 0.0576172 0.0439453 0.0705566
0 0.199463 0.294922 0.0131836 0.0200195 0.0645142
1 0.723633 0.71875 0.0488281 0.0546875 0.0618896
0 0.73291 0.180298 0.0585938 0.0175781 0.0503845
0 0.151611 0.994141 0.0136719 0.0117188 0.0432739
1 0.755859 0.711426 0.0546875 0.0605469 0.0367126
1 0.712891 0.632812 0.0263672 0.0185547 0.0181885
2 0.151978 0.992188 0.0144043 0.0136719 0.0149384
2 0.15271 0.983398 0.0131836 0.015625 0.0120392
0 0.732422 0.71875 0.0380859 0.0507812 0.0108566
