0 0.0177002 0.396729 0.0354004 0.046875 0.947266
0 0.0491943 0.440918 0.050293 0.0532227 0.941406
0 0.600586 0.625 0.0634766 0.0664062 0.938477
0 0.0972595 0.303467 0.0540161 0.0522461 0.929688
0 0.0145569 0.459717 0.0291138 0.0493164 0.925781
0 0.0942383 0.425049 0.0473633 0.0532227 0.921387
0 0.0321655 0.685547 0.0419922 0.0390625 0.918457
0 0.0126343 0.666504 0.0252686 0.0419922 0.912109
0 0.0523682 0.290527 0.0523682 0.0390625 0.911133
0 0.116821 0.453491 0.0461426 0.0510254 0.903809
0 0.0372925 0.648926 0.0357666 0.0380859 0.901855
0 0.348145 0.965576 0.0336914 0.0415039 0.898926
0 0.51416 0.76709 0.0478516 0.0527344 0.898438
0 0.0750122 0.457031 0.0374756 0.0439453 0.896484
0 0.203064 0.227356 0.0513916 0.0428467 0.881348
0 0.56543 0.648438 0.0566406 0.0517578 0.852539
0 0.117706 0.33374 0.0482788 0.050293 0.84375
0 0.048584 0.476196 0.0397949 0.0241699 0.777344
0 0.272949 0.209351 0.0390625 0.0231934 0.764648
0 0.990723 0.528809 0.0185547 0.046875 0.751953
0 0.606934 0.737793 0.0166016 0.0126953 0.286621
0 0.0476685 0.470703 0.0407715 0.0302734 0.251465
0 0.239502 0.254639 0.0209961 0.0185547 0.129395
0 0.651367 0.555664 0.0419922 0.0292969 0.0795288
1 0.0141907 0.459106 0.0283813 0.048584 0.0625
2 0.299072 0.994141 0.015625 0.0117188 0.0493469
1 0.606934 0.737793 0.0166016 0.0126953 0.0462341
0 0.238525 0.251465 0.0234375 0.0258789 0.0419006
0 0.129395 0.430908 0.0195312 0.027832 0.0304413
1 0.348145 0.965576 0.0336914 0.0415039 0.023468
1 0.272217 0.209167 0.0380859 0.0230713 0.0221863
0 0.0142212 0.477539 0.0266724 0.0136719 0.0193634
2 0.255615 0.805664 0.0229492 0.0302734 0.0183563
0 0.0357666 0.619629 0.0222168 0.0253906 0.0162811
0 0.990723 0.994141 0.0185547 0.0117188 0.015152
0 0.0450439 0.466675 0.0476074 0.0461426 0.014122
1 0.0523071 0.290527 0.0523682 0.0390625 0.0141144
1 0.203918 0.22699 0.0526123 0.0430908 0.0138855
0 0.0157776 0.471191 0.0267944 0.0263672 0.0133362
1 0.0753784 0.458008 0.0369873 0.0419922 0.0111008
1 0.56543 0.648926 0.0566406 0.0527344 0.0110397
1 0.51416 0.766602 0.0488281 0.0527344 0.0108795
0 0.285156 0.2099 0.0151367 0.0196533 0.0106964
