1 0.720215 0.18042 0.0478516 0.0419922 0.930176
1 0.645508 0.140137 0.0400391 0.0444336 0.916016
1 0.677734 0.179932 0.0429688 0.0424805 0.890625
1 0.938965 0.404785 0.0253906 0.0263672 0.885254
1 0.677734 0.470215 0.0195312 0.0234375 0.587402
0 0.693359 0.467285 0.0175781 0.0234375 0.416992
1 0.683105 0.469238 0.0302734 0.0263672 0.37085
1 0.693359 0.467163 0.0175781 0.0236816 0.211914
1 0.417969 0.0211487 0.0439453 0.0403442 0.11145
2 0.418701 0.020813 0.043457 0.0401611 0.0852661
1 0.228271 0.269287 0.0268555 0.0390625 0.0765991
0 0.232666 0.197266 0.0141602 0.0202637 0.0758667
0 0.679199 0.469604 0.0234375 0.0246582 0.0657959
0 0.683594 0.46875 0.0341797 0.0273438 0.039856
2 0.427734 0.0106964 0.0283203 0.0213928 0.0338135
2 0.476562 0.0984802 0.0166016 0.0149536 0.0315857
2 0.70166 0.252686 0.0166016 0.0141602 0.0244141
0 0.64502 0.139893 0.0400391 0.0444336 0.023407
2 0.677246 0.469727 0.0185547 0.0234375 0.022934
2 0.389404 0.958984 0.00927734 0.0146484 0.0212402
2 0.702637 0.236328 0.0175781 0.0214844 0.0200195
2 0.719727 0.18042 0.0488281 0.041748 0.0176086
2 0.407471 0.962158 0.0146484 0.0209961 0.0167999
2 0.228577 0.270752 0.0262451 0.0400391 0.0165863
2 0.677734 0.179932 0.0419922 0.0424805 0.0146942
2 0.415039 0.0241547 0.0332031 0.0315247 0.0139236
0 0.677734 0.179932 0.0419922 0.0424805 0.0138626
1 0.232666 0.197266 0.0141602 0.0205078 0.0123901
0 0.938965 0.405029 0.0253906 0.0258789 0.0115356
