1 0.139648 0.299316 0.0478516 0.0507812 0.909668
0 0.229797 0.213623 0.0408936 0.0380859 0.866211
2 0.0166626 0.530273 0.0333252 0.0458984 0.808105
1 0.38208 0.00733948 0.0415039 0.014679 0.761719
0 0.26416 0.209229 0.0229492 0.0195312 0.430664
1 0.490234 0.00547791 0.0175781 0.0109558 0.291504
1 0.229736 0.213745 0.0419922 0.0388184 0.254883
0 0.490234 0.00540161 0.0175781 0.0108032 0.236938
2 0.195923 0.290039 0.012207 0.0336914 0.201172
1 0.26416 0.209167 0.0229492 0.0196533 0.109192
1 0.0167847 0.530273 0.0334473 0.0478516 0.0527039
1 0.195923 0.290039 0.0129395 0.0332031 0.0440369
0 0.38208 0.00721741 0.0410156 0.0144348 0.0397339
2 0.490234 0.00570679 0.0166016 0.0111694 0.023941
1 0.375 0.00686646 0.0283203 0.0137329 0.0183258
0 0.26123 0.208679 0.0292969 0.0245361 0.0162811
1 0.38916 0.00665283 0.03125 0.0133057 0.0127792
0 0.139771 0.299072 0.0483398 0.0507812 0.0123291
1 0.259033 0.20813 0.0351562 0.0236816 0.0119247
2 0.139771 0.299072 0.0483398 0.0507812 0.0116806
2 0.38208 0.00721741 0.0410156 0.0144348 0.01091
