2 0.671875 0.949219 0.0371094 0.0341797 0.914062
1 0.558105 0.68457 0.0361328 0.0400391 0.899414
2 0.366211 0.799805 0.0268555 0.0283203 0.88623
1 0.611816 0.661621 0.0302734 0.0351562 0.867676
1 0.371094 0.737793 0.0361328 0.0341797 0.809082
1 0.368652 0.771484 0.03125 0.0302734 0.805664
2 0.578613 0.709473 0.0400391 0.0380859 0.804688
1 0.352295 0.756836 0.0283203 0.0351562 0.79541
2 0.40332 0.879883 0.0307617 0.0253906 0.652344
1 0.356445 0.766113 0.0307617 0.0351562 0.619629
2 0.479004 0.661621 0.0351562 0.0332031 0.585449
2 0.384521 0.797363 0.0126953 0.0224609 0.553711
2 0.368652 0.771973 0.03125 0.03125 0.383057
1 0.57959 0.708984 0.0390625 0.0390625 0.317383
1 0.479004 0.661621 0.0351562 0.0332031 0.279053
1 0.590332 0.692871 0.0166016 0.0283203 0.250244
2 0.558105 0.68457 0.0361328 0.0390625 0.247803
1 0.366211 0.799805 0.0268555 0.0283203 0.107178
1 0.378662 0.734863 0.0288086 0.03125 0.0910034
2 0.908203 0.993164 0.0205078 0.0136719 0.0787964
2 0.406738 0.670898 0.0219727 0.0244141 0.0487366
2 0.351807 0.756836 0.0258789 0.0351562 0.0364685
0 0.611328 0.662109 0.0302734 0.0361328 0.0348816
2 0.360107 0.842285 0.0258789 0.0292969 0.0249329
1 0.908203 0.992676 0.0205078 0.0146484 0.0245209
2 0.59082 0.692871 0.0166016 0.0263672 0.0229645
2 0.356445 0.766113 0.0307617 0.0351562 0.0217285
1 0.770996 0.994141 0.0205078 0.0117188 0.021286
2 0.355225 0.849121 0.0151367 0.0166016 0.0196838
1 0.361084 0.762207 0.0292969 0.0341797 0.0188904
2 0.349609 0.818359 0.0117188 0.0195312 0.0187378
1 0.365723 0.740234 0.0283203 0.03125 0.0156097
2 0.352051 0.818848 0.0151367 0.0214844 0.0134201
2 0.385254 0.777832 0.0141602 0.0214844 0.0130539
1 0.38208 0.734375 0.0195312 0.0292969 0.0121689
1 0.40332 0.879395 0.0302734 0.0263672 0.011261
2 0.371338 0.736816 0.0375977 0.0341797 0.0111618
0 0.371826 0.737305 0.0380859 0.0341797 0.0111465
2 0.354004 0.823242 0.0151367 0.0224609 0.0102005
0 0.351074 0.756836 0.0244141 0.0351562 0.0101089
