1 0.0185699 0.401611 0.0370789 0.0288086 0.888184
2 0.0754395 0.40918 0.0473633 0.0478516 0.884766
1 0.180054 0.107544 0.0170898 0.0217285 0.396729
1 0.599121 0.991211 0.0175781 0.0136719 0.124084
1 0.0757141 0.40918 0.0473022 0.0478516 0.0964355
2 0.748535 0.0575562 0.0253906 0.0185547 0.0719604
0 0.506836 0.264404 0.0185547 0.0385742 0.0333252
0 0.599121 0.991211 0.0175781 0.0136719 0.0318298
2 0.180054 0.107544 0.0163574 0.0219727 0.0314636
2 0.599121 0.991211 0.0175781 0.0136719 0.0268402
0 0.00790405 0.299072 0.0158081 0.0444336 0.0201721
0 0.180054 0.107544 0.0163574 0.0219727 0.0170441
0 0.0181885 0.401611 0.036377 0.0288086 0.0130997
0 0.507324 0.255859 0.0175781 0.03125 0.0128326
