2 0.130493 0.549805 0.0703125 0.0771484 0.911133
1 0.332764 0.476685 0.0820312 0.0671387 0.871582
1 0.123535 0.203125 0.0847168 0.0839844 0.871582
2 0.491699 0.294189 0.0351562 0.0356445 0.705078
2 0.330078 0.0169067 0.0522461 0.0274048 0.677734
2 0.485352 0.279541 0.0332031 0.0419922 0.541016
2 0.704102 0.0169373 0.0878906 0.0338745 0.284424
2 0.492188 0.552734 0.0136719 0.0244141 0.252197
2 0.508301 0.560059 0.0253906 0.0214844 0.240112
2 0.492188 0.285645 0.0380859 0.0493164 0.235962
2 0.491211 0.514648 0.0361328 0.0302734 0.21936
1 0.704102 0.0169373 0.0878906 0.0338745 0.129761
2 0.42334 0.703613 0.0351562 0.0302734 0.0924072
0 0.332275 0.476929 0.0810547 0.0686035 0.0803223
2 0.506348 0.556152 0.0253906 0.0263672 0.0726318
2 0.123413 0.202942 0.0837402 0.0872803 0.0585632
2 0.428223 0.699707 0.03125 0.0273438 0.0580444
2 0.61084 0.0187683 0.0205078 0.0223999 0.0545349
2 0.434814 0.690918 0.0361328 0.0302734 0.0483093
1 0.610352 0.0186157 0.0205078 0.0232544 0.037323
0 0.631836 0.0844421 0.0302734 0.0198364 0.0368347
1 0.130249 0.549316 0.0705566 0.078125 0.0358582
1 0.419189 0.515625 0.0249023 0.03125 0.0336304
1 0.491211 0.514648 0.0361328 0.03125 0.028717
2 0.481934 0.514648 0.0195312 0.0283203 0.0270386
2 0.332764 0.476685 0.0820312 0.0671387 0.023941
0 0.635742 0.0852051 0.0224609 0.0145264 0.0237122
2 0.0673218 0.35791 0.0274658 0.0283203 0.0197449
2 0.00836182 0.385986 0.0166016 0.0136719 0.0188293
0 0.124023 0.203369 0.0852051 0.0854492 0.0178528
2 0.500977 0.504395 0.0175781 0.0126953 0.0143738
1 0.251221 0.0161743 0.0688477 0.0323486 0.0137558
1 0.330322 0.0166016 0.0512695 0.0279541 0.01371
1 0.0088501 0.385986 0.0163574 0.0131836 0.0129547
0 0.63916 0.0834961 0.0166016 0.0124512 0.0102997
2 0.0862732 0.353271 0.0374146 0.0273438 0.0102692
0 0.62207 0.0762939 0.00878906 0.00964355 0.0102692
