2 0.121826 0.4375 0.0358887 0.0380859 0.941895
1 0.0153656 0.0576172 0.0307312 0.0412598 0.929199
0 0.834473 0.806641 0.0302734 0.0341797 0.926758
2 0.0968933 0.139648 0.0410767 0.0422363 0.925781
1 0.404297 0.330566 0.034668 0.0361328 0.911621
1 0.191162 0.685547 0.0314941 0.0380859 0.901855
1 0.0493164 0.746582 0.0371094 0.0351562 0.899902
0 0.661133 0.724121 0.0371094 0.0390625 0.887695
0 0.515137 0.31543 0.0400391 0.0478516 0.885254
2 0.147827 0.458862 0.0319824 0.0324707 0.882324
0 0.0967102 0.415527 0.0265503 0.0317383 0.87793
1 0.988281 0.803223 0.0234375 0.0351562 0.876953
1 0.144775 0.532227 0.0361328 0.0341797 0.861816
2 0.0533447 0.0949707 0.0377197 0.034668 0.858887
0 0.654297 0.571777 0.0371094 0.0322266 0.85791
2 0.113159 0.118652 0.0395508 0.0231934 0.849609
0 0.486694 0.286865 0.045166 0.0410156 0.847168
1 0.123047 0.613281 0.0400391 0.0361328 0.839355
0 0.0155182 0.736816 0.0310364 0.0361328 0.825195
0 0.185181 0.517578 0.0349121 0.0263672 0.814941
0 0.445068 0.350342 0.0415039 0.0424805 0.802246
1 0.887207 0.837891 0.0292969 0.0371094 0.750977
1 0.62207 0.557617 0.0361328 0.0302734 0.744629
1 0.167969 0.54541 0.0351562 0.0361328 0.73291
1 0.876953 0.804688 0.03125 0.0273438 0.714355
0 0.900391 0.81543 0.0371094 0.0380859 0.707031
0 0.572754 0.564453 0.0136719 0.0302734 0.666504
0 0.0233917 0.111206 0.040863 0.0400391 0.660156
0 0.198364 0.754395 0.0158691 0.0361328 0.652344
1 0.0871582 0.607422 0.0332031 0.0205078 0.647949
1 0.0233154 0.111206 0.0405273 0.0400391 0.63916
1 0.0195923 0.770996 0.0360107 0.0263672 0.629395
1 0.15686 0.712891 0.0227051 0.0380859 0.613281
1 0.0870972 0.507812 0.020874 0.0253906 0.584473
2 0.196289 0.453613 0.0134277 0.0297852 0.576172
1 0.626465 0.727539 0.03125 0.03125 0.572266
0 0.62207 0.558105 0.0361328 0.0302734 0.571777
0 0.109009 0.837402 0.0383301 0.0439453 0.570312
0 0.196899 0.720215 0.019043 0.0292969 0.494385
1 0.0130615 0.975586 0.0227051 0.0195312 0.463135
1 0.0777588 0.86084 0.0310059 0.0253906 0.405762
1 0.0253906 0.758789 0.0356445 0.0380859 0.392334
1 0.0212402 0.765625 0.0394287 0.0371094 0.383545
1 0.187134 0.73291 0.0258789 0.03125 0.380371
0 0.626465 0.727051 0.0322266 0.0322266 0.363281
1 0.367188 0.287109 0.0366211 0.0380859 0.349121
1 0.899902 0.81543 0.0371094 0.0380859 0.345459
1 0.184937 0.516602 0.0344238 0.0253906 0.339844
2 0.122925 0.61377 0.0402832 0.0351562 0.31543
1 0.0157471 0.737305 0.0314941 0.0351562 0.313721
0 0.0751038 0.824707 0.0385132 0.0146484 0.312744
0 0.106293 0.820801 0.0401001 0.0234375 0.304688
1 0.00366211 0.0999756 0.00732422 0.0280762 0.289551
2 0.168213 0.54541 0.0349121 0.0361328 0.285645
1 0.196899 0.720215 0.0192871 0.0292969 0.265381
1 0.00772095 0.761719 0.0154419 0.0224609 0.261475
0 0.00743103 0.761719 0.0148621 0.0234375 0.254883
2 0.144775 0.532227 0.0351562 0.0341797 0.232544
0 0.0760498 0.839355 0.0397949 0.0390625 0.21521
0 0.187866 0.732422 0.0251465 0.0332031 0.197754
1 0.444336 0.350098 0.0405273 0.0424805 0.185669
1 0.194458 0.400635 0.0129395 0.0317383 0.1698
1 0.654297 0.572266 0.0371094 0.0322266 0.165283
2 0.902832 0.850586 0.0166016 0.0214844 0.152588
1 0.192139 0.59375 0.0249023 0.0214844 0.152222
1 0.515137 0.31543 0.0410156 0.0473633 0.151611
0 0.651367 0.601074 0.0166016 0.0195312 0.150269
0 0.07724 0.859863 0.03302 0.0263672 0.146973
0 0.0769043 0.821289 0.0412598 0.0214844 0.135132
2 0.191895 0.594727 0.0249023 0.0224609 0.132446
1 0.486328 0.286621 0.0449219 0.0405273 0.130981
1 0.0304871 0.988281 0.0147095 0.0214844 0.12915
0 0.503906 0.310791 0.0185547 0.0400391 0.128052
1 0.017395 0.774902 0.0302734 0.0185547 0.127808
2 0.0870667 0.60791 0.0346069 0.0195312 0.125366
1 0.572754 0.564453 0.0136719 0.0302734 0.119934
0 0.876465 0.804199 0.0322266 0.0283203 0.108704
1 0.198242 0.753906 0.0161133 0.0361328 0.108704
1 0.0769348 0.85498 0.0360718 0.0380859 0.103699
2 0.535156 0.993164 0.0146484 0.0136719 0.102661
0 0.522949 0.330078 0.0244141 0.0195312 0.101562
1 0.522461 0.329834 0.0234375 0.0185547 0.0946655
0 0.0773621 0.854004 0.036438 0.0390625 0.0919189
0 0.0212402 0.765625 0.0397949 0.0371094 0.086853
1 0.164917 0.718262 0.0371094 0.0439453 0.0864258
0 0.0304871 0.988281 0.0153198 0.0214844 0.0856934
0 0.0778809 0.845703 0.0397949 0.0566406 0.0797729
2 0.981445 0.832031 0.0214844 0.0253906 0.0708008
0 0.362061 0.45752 0.0185547 0.0146484 0.0706787
0 0.0753784 0.832031 0.0406494 0.0273438 0.0687256
1 0.0284424 0.750488 0.0269775 0.03125 0.0686035
0 0.0870667 0.507812 0.0206909 0.0253906 0.0637817
0 0.367188 0.464844 0.0273438 0.0292969 0.0615845
2 0.064209 0.571777 0.0112305 0.0263672 0.06073
0 0.886719 0.837891 0.0292969 0.0351562 0.0591431
1 0.177734 0.73291 0.0456543 0.0332031 0.058197
2 0.458496 0.286621 0.0166016 0.0244141 0.057373
0 0.00924683 0.711914 0.0129395 0.0214844 0.0566711
1 0.173096 0.72168 0.059082 0.0488281 0.0536499
1 0.542969 0.981445 0.015625 0.015625 0.0532532
1 0.113281 0.118774 0.0390625 0.0227051 0.0523376
1 0.891602 0.833496 0.0302734 0.0371094 0.0501099
1 0.00762939 0.0993652 0.0152588 0.0317383 0.04953
0 0.00366211 0.0999756 0.00732422 0.0280762 0.0494995
1 0.535156 0.993164 0.015625 0.0136719 0.0475464
2 0.0131531 0.975586 0.0223389 0.0195312 0.0465393
2 0.887695 0.837891 0.0292969 0.0371094 0.0424194
0 0.0708008 0.825195 0.0351562 0.0107422 0.0423279
0 0.0924683 0.822266 0.0423584 0.0205078 0.0405884
2 0.436768 0.95166 0.0258789 0.0234375 0.0398254
0 0.0195923 0.770996 0.0360107 0.0263672 0.0397034
2 0.558594 0.994629 0.0244141 0.0107422 0.0386047
0 0.367676 0.287354 0.0371094 0.0380859 0.0368042
0 0.115234 0.837891 0.0258789 0.0361328 0.0368042
0 0.697266 0.750488 0.0136719 0.0146484 0.036499
1 0.833984 0.806641 0.0302734 0.0341797 0.0349121
0 0.168701 0.545898 0.034668 0.0361328 0.0335693
1 0.661621 0.724121 0.0390625 0.0390625 0.0324097
0 0.191284 0.685547 0.0305176 0.0380859 0.0304718
2 0.898438 0.849121 0.0234375 0.0205078 0.0295868
0 0.0251465 0.759766 0.0350342 0.0380859 0.0290222
1 0.502441 0.30957 0.0175781 0.0380859 0.0279388
2 0.179688 0.661621 0.0161133 0.0214844 0.0278931
1 0.460327 0.285889 0.0197754 0.0268555 0.0270996
0 0.0708618 0.836914 0.0336914 0.0332031 0.0256042
0 0.987793 0.803223 0.0244141 0.0351562 0.0240784
0 0.109375 0.408691 0.0134277 0.0146484 0.0225983
1 0.0803223 0.609863 0.0234375 0.015625 0.0223999
1 0.979492 0.832031 0.0273438 0.0292969 0.0219574
1 0.00836182 0.712402 0.0131226 0.0224609 0.0209961
1 0.147461 0.458618 0.0317383 0.0319824 0.0202942
1 0.541016 0.983398 0.0185547 0.0195312 0.0201111
0 0.181152 0.732422 0.0339355 0.0322266 0.0196228
1 0.196289 0.453613 0.0134277 0.0297852 0.0189667
0 0.00762939 0.0993652 0.0152588 0.0317383 0.0188751
0 0.156738 0.712402 0.0219727 0.0371094 0.018631
2 0.876953 0.804688 0.03125 0.0283203 0.0180969
0 0.194458 0.400635 0.0129395 0.0317383 0.0180359
2 0.904297 0.853027 0.0117188 0.0205078 0.0175781
1 0.0969238 0.415527 0.027832 0.0322266 0.0175781
1 0.0527344 0.0952148 0.0383301 0.0336914 0.0174103
2 0.0868225 0.507812 0.0204468 0.0253906 0.0166779
0 0.0173187 0.775391 0.0310364 0.0185547 0.0165863
0 0.0136108 0.975586 0.0222168 0.0195312 0.0162048
1 0.0266724 0.825684 0.0288086 0.0107422 0.0157471
1 0.0333862 0.749512 0.0211182 0.0302734 0.0157318
0 0.0266724 0.825684 0.0288086 0.0107422 0.0153961
2 0.0969238 0.415527 0.027832 0.0322266 0.0152664
0 0.0686035 0.832031 0.0328369 0.0234375 0.0145187
0 0.0493164 0.746582 0.0367432 0.0351562 0.0145035
2 0.365967 0.287109 0.0361328 0.0371094 0.0145035
1 0.0751038 0.824707 0.0385132 0.0146484 0.0142975
1 0.361816 0.457031 0.0170898 0.0141602 0.0142517
1 0.102051 0.818848 0.0415039 0.0205078 0.013588
0 0.404541 0.330566 0.0351562 0.0366211 0.0134277
1 0.182861 0.727051 0.0463867 0.0458984 0.0132294
0 0.542969 0.981445 0.0146484 0.015625 0.0127716
0 0.176758 0.725098 0.046875 0.0458984 0.0121384
0 0.0527344 0.0952148 0.0383301 0.0336914 0.0118942
2 0.987305 0.803711 0.0253906 0.0351562 0.0116882
1 0.553711 0.995117 0.0253906 0.00976562 0.0114975
1 0.183472 0.397217 0.0327148 0.0292969 0.0114975
1 0.0127716 0.0840454 0.0255432 0.0548096 0.0113373
2 0.0149841 0.0576172 0.0299683 0.0415039 0.0112457
2 0.0803223 0.610352 0.0222168 0.0166016 0.0103149
1 0.650879 0.601074 0.0166016 0.0195312 0.0100784
