0 0.00747681 0.761719 0.0149536 0.0449219 0.882324
0 0.674316 0.908203 0.0273438 0.0253906 0.819824
0 0.635742 0.97168 0.0195312 0.0292969 0.805176
0 0.646484 0.987305 0.0136719 0.0234375 0.776855
0 0.29834 0.898438 0.0209961 0.0214844 0.527832
2 0.201721 0.481323 0.0462646 0.0471191 0.129395
0 0.692383 0.916016 0.0175781 0.0185547 0.0625
0 0.638672 0.966553 0.0136719 0.0200195 0.0314026
0 0.299072 0.891113 0.0273438 0.0400391 0.019989
2 0.185791 0.11792 0.0317383 0.0373535 0.0195007
0 0.292725 0.887207 0.0214844 0.03125 0.0193787
0 0.790039 0.836914 0.0107422 0.0146484 0.0171204
0 0.753418 0.908691 0.00976562 0.0136719 0.0170441
0 0.791504 0.835449 0.00878906 0.0126953 0.013443
0 0.786621 0.841797 0.0175781 0.0214844 0.0113373
