1 0.00708008 0.50293 0.0130615 0.0244141 0.172241
1 0.00900269 0.527832 0.0170288 0.0322266 0.155518
0 0.00741577 0.50293 0.0136719 0.0244141 0.105652
0 0.00939941 0.533691 0.0177002 0.046875 0.0336914
0 0.00665283 0.507812 0.0128174 0.0332031 0.032196
1 0.00772095 0.51123 0.0145874 0.0439453 0.0320435
1 0.00967407 0.541016 0.0187988 0.0595703 0.0288544
0 0.0088501 0.527832 0.0171509 0.0322266 0.0235748
0 0.00772095 0.51123 0.0145874 0.0439453 0.0160828
0 0.00805664 0.496582 0.0151978 0.0332031 0.0156555
1 0.00805664 0.496582 0.0151978 0.0332031 0.0120392
