2 0.807129 0.89209 0.0634766 0.0683594 0.942871
1 0.799316 0.73584 0.0625 0.0673828 0.912598
0 0.977539 0.975342 0.0449219 0.0473633 0.721191
1 0.946777 0.985352 0.0712891 0.0292969 0.703613
1 0.976562 0.975586 0.0449219 0.046875 0.523926
0 0.946533 0.985352 0.0717773 0.0292969 0.459717
2 0.590332 0.0391998 0.0273438 0.0363464 0.393555
0 0.939941 0.963623 0.0322266 0.0219727 0.296875
1 0.94043 0.963867 0.0390625 0.0214844 0.270752
1 0.424805 0.992188 0.019043 0.015625 0.232666
2 0.199219 0.786133 0.0444336 0.046875 0.185181
0 0.951172 0.978027 0.0839844 0.0439453 0.162476
1 0.951172 0.978027 0.0839844 0.0439453 0.132324
0 0.424805 0.992188 0.0185547 0.015625 0.0720825
2 0.425049 0.992676 0.0185547 0.0146484 0.0583191
2 0.798828 0.213257 0.0253906 0.0432129 0.0372009
1 0.807129 0.89209 0.0654297 0.0693359 0.0368347
2 0.799316 0.73584 0.0634766 0.0664062 0.0254669
1 0.952881 0.964844 0.0571289 0.0234375 0.020752
1 0.199219 0.786133 0.0449219 0.0478516 0.0200195
1 0.966064 0.976562 0.0678711 0.046875 0.0151596
0 0.799316 0.73584 0.0634766 0.0673828 0.0133286
1 0.43457 0.991211 0.0400391 0.0175781 0.0119934
0 0.952881 0.964844 0.0571289 0.0234375 0.0112686
0 0.931641 0.965576 0.0332031 0.0258789 0.0108261
