0 0.109589 0.497559 0.046936 0.0488281 0.784668
1 0.993652 0.275635 0.0126953 0.0449219 0.629883
0 0.050354 0.479004 0.0272217 0.0371094 0.582031
1 0.109711 0.497559 0.0481567 0.0488281 0.164795
2 0.993652 0.275879 0.0126953 0.0449219 0.0957642
1 0.0505981 0.47937 0.0270996 0.0373535 0.0778198
2 0.851562 0.724121 0.0263672 0.0244141 0.067749
1 0.852051 0.725098 0.0263672 0.0253906 0.0596313
0 0.213379 0.543457 0.0229492 0.0166016 0.059082
0 0.2146 0.538086 0.0263672 0.0273438 0.0316772
1 0.359375 0.53125 0.0292969 0.0361328 0.0209808
0 0.993164 0.276611 0.0136719 0.0429688 0.0140076
2 0.358887 0.530762 0.0292969 0.0351562 0.0117264
1 0.213318 0.542969 0.0240479 0.0175781 0.0111008
