0 0.0864258 0.488403 0.0397949 0.0515137 0.895996
0 0.445801 0.225159 0.0644531 0.0545654 0.862793
0 0.387695 0.284912 0.0922852 0.090332 0.84082
0 0.135498 0.710938 0.0356445 0.0527344 0.818359
0 0.488892 0.886719 0.0612793 0.0410156 0.818359
0 0.760254 0.793945 0.0595703 0.0498047 0.758789
0 0.190063 0.32666 0.0322266 0.0307617 0.692871
0 0.102997 0.448486 0.0405884 0.0366211 0.511719
0 0.425293 0.193237 0.0527344 0.0163574 0.411621
0 0.122681 0.491211 0.0422363 0.0449219 0.389648
0 0.131958 0.456421 0.0290527 0.0471191 0.358398
2 0.0346832 0.647949 0.040741 0.0478516 0.282959
0 0.0175781 0.360596 0.0350342 0.0288086 0.269287
0 0.0984192 0.442871 0.0346069 0.0419922 0.222412
0 0.121216 0.481445 0.0471191 0.0654297 0.195679
0 0.127197 0.460938 0.0390625 0.0576172 0.175171
1 0.489746 0.886719 0.0585938 0.0410156 0.149292
1 0.123413 0.491699 0.0419922 0.0439453 0.143921
0 0.205078 0.30542 0.0166016 0.0229492 0.136963
1 0.126343 0.366699 0.020752 0.0405273 0.120972
1 0.131714 0.457031 0.027832 0.0478516 0.118835
2 0.0112 0.497559 0.0223389 0.0224609 0.10199
1 0.0112915 0.497559 0.022583 0.0224609 0.0633545
1 0.425537 0.193481 0.0512695 0.017334 0.0628662
0 0.0206909 0.443115 0.0285645 0.0288086 0.0576172
0 0.126831 0.371094 0.0195312 0.0317383 0.0550842
0 0.11441 0.465576 0.059021 0.0737305 0.0484009
0 0.122437 0.497559 0.0380859 0.0302734 0.0400085
1 0.0170288 0.360596 0.0340576 0.0283203 0.0387878
0 0.0968018 0.433594 0.0256348 0.0253906 0.0377197
1 0.189575 0.32666 0.0317383 0.0292969 0.0370483
0 0.107819 0.448486 0.0534058 0.0444336 0.0341492
1 0.759277 0.793945 0.0595703 0.0478516 0.0316772
1 0.446777 0.225586 0.0654297 0.0541992 0.0294495
1 0.122192 0.47998 0.045166 0.0693359 0.0203857
0 0.116333 0.479858 0.0327148 0.0422363 0.0181274
0 0.0529785 0.484741 0.0570068 0.0461426 0.0174561
0 0.0939941 0.439941 0.0253906 0.0375977 0.017395
0 0.230713 0.731445 0.0175781 0.0263672 0.0149002
1 0.0984192 0.442871 0.0346069 0.0419922 0.014679
0 0.126343 0.450562 0.0310059 0.0402832 0.0135651
1 0.12085 0.364746 0.0290527 0.043457 0.0115585
1 0.134521 0.710449 0.0336914 0.0537109 0.0114899
1 0.127197 0.460938 0.0390625 0.0576172 0.0112915
0 0.436523 0.193726 0.0356445 0.0136719 0.0102234
