0 0.0394897 0.207458 0.0761719 0.0738525 0.868164
0 0.210876 0.296631 0.0401611 0.0649414 0.86377
0 0.102661 0.310791 0.0432129 0.0722656 0.753418
1 0.0866394 0.354736 0.0801392 0.0522461 0.730469
1 0.102905 0.311279 0.0429688 0.0722656 0.479736
1 0.0125427 0.230713 0.0250854 0.0415039 0.319336
0 0.0859985 0.35498 0.0780029 0.0512695 0.27417
1 0.00787354 0.231995 0.0150757 0.0389404 0.251709
1 0.0400391 0.154053 0.0380859 0.0183105 0.249878
1 0.0393066 0.206787 0.0760498 0.0732422 0.235718
0 0.0148621 0.229309 0.0297241 0.0443115 0.137939
0 0.0116119 0.23291 0.0232239 0.0390625 0.0682983
1 0.00547791 0.243164 0.0109558 0.0180664 0.0489807
0 0.00656128 0.235413 0.0129395 0.0335693 0.0386963
2 0.0808105 0.634766 0.0187988 0.0224609 0.0366516
2 0.994629 0.581543 0.0107422 0.0449219 0.0338135
0 0.0568848 0.113281 0.0264893 0.0307617 0.0267029
1 0.0559692 0.113892 0.0249023 0.03125 0.0243225
1 0.0157166 0.225769 0.0314331 0.0509033 0.0197296
1 0.210938 0.296387 0.0390625 0.0649414 0.0173645
0 0.00547791 0.243164 0.0109558 0.0180664 0.0146637
2 0.0401611 0.153931 0.0386963 0.0183105 0.0114288
0 0.0402222 0.153931 0.0388184 0.0175781 0.0102844
