0 0.992188 0.324219 0.015625 0.034668 0.858398
0 0.897461 0.0839844 0.0214844 0.020752 0.686035
1 0.722656 0.401123 0.0302734 0.03125 0.657227
0 0.722168 0.400635 0.0292969 0.0297852 0.457031
2 0.887207 0.120972 0.0107422 0.0124512 0.215332
0 0.890137 0.0871887 0.00878906 0.0145874 0.0740967
0 0.839844 0.168945 0.0117188 0.0090332 0.0668335
0 0.429688 0.313232 0.0102539 0.00927734 0.0598755
1 0.467041 0.332275 0.00927734 0.0117188 0.0476685
1 0.992188 0.324219 0.015625 0.0341797 0.0300903
0 0.424561 0.294922 0.0126953 0.0117188 0.0243683
2 0.352539 0.0843506 0.0131836 0.0166016 0.0198517
0 0.71875 0.39624 0.0224609 0.0214844 0.0188293
0 0.303467 0.0358276 0.0107422 0.00964355 0.0186005
2 0.467041 0.332275 0.00927734 0.0117188 0.015625
1 0.359131 0.0664673 0.0141602 0.0145264 0.0152588
1 0.429932 0.313232 0.0102539 0.00927734 0.0146713
1 0.729004 0.406006 0.015625 0.0205078 0.0136108
2 0.455811 0.334473 0.0161133 0.0131836 0.0122986
1 0.839844 0.169067 0.0126953 0.00927734 0.0119095
1 0.887695 0.120972 0.0107422 0.0119629 0.0107727
0 0.899902 0.0809326 0.0166016 0.0151367 0.0103378
2 0.740234 0.557129 0.046875 0.0234375 0.0102692
