0 0.0698853 0.305664 0.0117188 0.0288086 0.310547
0 0.214294 0.445801 0.0118408 0.0107422 0.195923
2 0.0932312 0.473999 0.0227661 0.0168457 0.0680542
0 0.0687866 0.201904 0.0172119 0.027832 0.0550537
1 0.0697021 0.304688 0.0124512 0.0302734 0.0395508
1 0.796875 0.0851135 0.0263672 0.026062 0.0288544
1 0.214355 0.445801 0.0117188 0.0102539 0.0247498
2 0.796875 0.0850525 0.0253906 0.0252075 0.0210114
1 0.0918274 0.473022 0.0211792 0.013916 0.0181732
1 0.192627 0.214539 0.015625 0.0108643 0.0177612
0 0.409424 0.600098 0.0107422 0.00878906 0.0175934
1 0.0686646 0.201904 0.0167236 0.0283203 0.0158691
2 0.538086 0.06604 0.015625 0.0250244 0.0132828
2 0.795898 0.0947266 0.0126953 0.00878906 0.0127335
0 0.0687866 0.195435 0.013916 0.0158691 0.0117188
0 0.192627 0.214539 0.015625 0.0108643 0.011673
2 0.788086 0.0830078 0.0117188 0.0137939 0.0100403
