2 0.300781 0.661133 0.0390625 0.0292969 0.910156
2 0.273926 0.668457 0.0385742 0.0371094 0.892578
1 0.867188 0.264893 0.0566406 0.0263672 0.869629
1 0.98584 0.236816 0.0283203 0.0454102 0.749023
2 0.709961 0.686035 0.0361328 0.0498047 0.310303
1 0.984375 0.250244 0.03125 0.0629883 0.0787964
2 0.304443 0.777832 0.0317383 0.0185547 0.0741577
1 0.867676 0.271973 0.0576172 0.0395508 0.0631714
1 0.274414 0.668945 0.0390625 0.0361328 0.0545654
2 0.262695 0.801758 0.0351562 0.0390625 0.0536804
2 0.291016 0.802734 0.03125 0.0283203 0.0463867
0 0.788574 0.679199 0.0244141 0.0205078 0.0445251
2 0.375 0.800293 0.0151367 0.0283203 0.0318298
1 0.984375 0.271973 0.0292969 0.027832 0.028244
2 0.290283 0.82666 0.0297852 0.0302734 0.0244904
2 0.986328 0.236877 0.0273438 0.0447998 0.0187225
2 0.294434 0.658203 0.0288086 0.0263672 0.0167847
0 0.758301 0.972656 0.0166016 0.0195312 0.0150909
2 0.867676 0.26416 0.0566406 0.0258789 0.0144882
0 0.986328 0.236572 0.0273438 0.0454102 0.0143127
1 0.984375 0.261719 0.0292969 0.0444336 0.0138779
2 0.676758 0.681641 0.0703125 0.0517578 0.0132217
