0 0.789062 0.510254 0.0439453 0.0429688 0.946289
0 0.710938 0.559082 0.0458984 0.0419922 0.939941
0 0.719727 0.520996 0.0400391 0.0429688 0.932617
0 0.944824 0.465576 0.0341797 0.0473633 0.929688
0 0.0176086 0.121948 0.0349731 0.0432129 0.928223
0 0.103119 0.111816 0.0535278 0.0527344 0.926758
0 0.683594 0.508789 0.0400391 0.0419922 0.925293
0 0.331543 0.372803 0.0463867 0.0493164 0.924805
0 0.104858 0.186768 0.052002 0.052002 0.923828
0 0.22406 0.381104 0.0445557 0.0473633 0.92334
0 0.129883 0.0765686 0.045166 0.0553589 0.920898
0 0.521973 0.723633 0.0400391 0.0371094 0.919922
0 0.0569458 0.132935 0.0543213 0.0515137 0.916992
0 0.248047 0.803711 0.0380859 0.0341797 0.913086
0 0.418213 0.922852 0.0307617 0.0371094 0.898438
0 0.265869 0.830566 0.0385742 0.0361328 0.895508
0 0.678223 0.556152 0.0332031 0.0429688 0.887207
0 0.415771 0.391846 0.0473633 0.0327148 0.879883
0 0.0664062 0.181396 0.0268555 0.0454102 0.868164
0 0.658203 0.518555 0.0302734 0.0410156 0.866699
0 0.392822 0.34375 0.0292969 0.0366211 0.865234
0 0.0460815 0.961426 0.0280762 0.0439453 0.864746
0 0.192261 0.84082 0.0336914 0.0380859 0.826172
0 0.298828 0.850586 0.0268555 0.0322266 0.804199
0 0.953613 0.535645 0.0302734 0.0332031 0.798828
0 0.992188 0.462402 0.015625 0.0410156 0.797852
0 0.994629 0.663574 0.0107422 0.0332031 0.786133
0 0.340576 0.437744 0.0166016 0.0273438 0.775879
0 0.23291 0.830078 0.0336914 0.0390625 0.755859
0 0.390137 0.921387 0.0327148 0.0390625 0.73291
0 0.995605 0.398438 0.00878906 0.0307617 0.67627
0 0.970703 0.499512 0.0195312 0.0429688 0.597168
0 0.706543 0.604492 0.0205078 0.0136719 0.592285
0 0.368408 0.515137 0.0185547 0.0175781 0.575684
0 0.927246 0.554688 0.0234375 0.0166016 0.431396
0 0.959961 0.415527 0.0371094 0.0170898 0.121094
2 0.127563 0.953125 0.0214844 0.0283203 0.111938
0 0.389404 0.904297 0.0229492 0.0166016 0.106506
1 0.992188 0.461426 0.015625 0.0410156 0.0666504
1 0.706055 0.604492 0.0205078 0.0126953 0.0471191
0 0.391602 0.908203 0.0263672 0.0244141 0.0410156
1 0.355225 0.412598 0.012207 0.0200195 0.0408936
0 0.355469 0.4104 0.0117188 0.0175781 0.028595
1 0.065979 0.181396 0.0266113 0.045166 0.021286
1 0.340576 0.4375 0.0175781 0.0273438 0.0190125
0 0.970459 0.494629 0.0161133 0.0361328 0.0183411
1 0.953613 0.535645 0.0302734 0.0332031 0.016861
0 0.70459 0.667969 0.0166016 0.00878906 0.0165253
2 0.113647 0.859375 0.0185547 0.0253906 0.0162811
0 0.539551 0.114258 0.0146484 0.0112305 0.0161591
1 0.224182 0.381348 0.0452881 0.0478516 0.0151825
1 0.368408 0.515625 0.019043 0.0175781 0.0139236
1 0.331543 0.372803 0.046875 0.0493164 0.0132599
1 0.298828 0.850098 0.027832 0.0322266 0.013176
0 0.995605 0.398926 0.00878906 0.0332031 0.0129852
0 0.901855 0.473022 0.0126953 0.0129395 0.0122452
0 0.926758 0.544434 0.0341797 0.0341797 0.0112457
2 0.658203 0.59375 0.0214844 0.0166016 0.0111771
1 0.416016 0.391846 0.0478516 0.0336914 0.0108948
