2 0.300537 0.500977 0.0375977 0.0400391 0.891602
1 0.853027 0.365234 0.0390625 0.0356445 0.790527
0 0.935547 0.794434 0.0253906 0.0224609 0.621094
2 0.268799 0.519531 0.0239258 0.0292969 0.620117
1 0.229492 0.675781 0.0205078 0.0302734 0.479736
1 0.695801 0.0240936 0.0224609 0.0204163 0.47168
1 0.213928 0.418213 0.0252686 0.0200195 0.43457
0 0.972656 0.745605 0.0332031 0.0332031 0.432373
2 0.281982 0.49707 0.015625 0.03125 0.40625
0 0.323975 0.501465 0.0131836 0.0234375 0.366455
1 0.546875 0.396484 0.0214844 0.0375977 0.312988
2 0.229492 0.675781 0.0205078 0.0302734 0.291016
0 0.213928 0.418213 0.0252686 0.0200195 0.287598
0 0.0320435 0.0315399 0.0227051 0.0132141 0.18335
0 0.853027 0.365479 0.0390625 0.034668 0.125122
0 0.966553 0.77002 0.012207 0.0175781 0.124023
0 0.959961 0.740234 0.0136719 0.0292969 0.100708
0 0.975586 0.745605 0.0234375 0.0283203 0.0640869
1 0.0320435 0.0315399 0.0227051 0.0132141 0.0614929
0 0.690918 0.647461 0.0439453 0.0263672 0.0567322
2 0.695312 0.0240173 0.0224609 0.0203247 0.0541992
1 0.869141 0.358643 0.0214844 0.0263672 0.0458069
0 0.965088 0.764648 0.0151367 0.0283203 0.0449219
1 0.327637 0.466064 0.00976562 0.0151367 0.0445251
1 0.540527 0.382812 0.0107422 0.00976562 0.0348816
1 0.872559 0.360596 0.0214844 0.0302734 0.0317688
1 0.300537 0.500977 0.0380859 0.0400391 0.0285492
1 0.690918 0.647461 0.0439453 0.0263672 0.0232239
1 0.865723 0.355225 0.0185547 0.0200195 0.0198517
1 0.875977 0.362305 0.0166016 0.0268555 0.0184021
0 0.695801 0.0241089 0.0224609 0.0205078 0.0182648
0 0.0330811 0.00387573 0.0327148 0.00775146 0.0158234
0 0.993164 0.902344 0.0136719 0.0253906 0.0156174
1 0.269775 0.52002 0.0258789 0.0302734 0.0152054
1 0.935547 0.794434 0.0263672 0.0224609 0.0133286
0 0.0393066 0.00379944 0.0184326 0.00759888 0.0121613
0 0.673828 0.65332 0.0126953 0.0136719 0.0117645
2 0.906738 0.374023 0.0234375 0.0229492 0.0114975
2 0.213928 0.418213 0.0252686 0.0200195 0.0114136
0 0.327637 0.465942 0.0102539 0.0153809 0.0111618
2 0.689453 0.0215454 0.0126953 0.0170898 0.0111084
1 0.28125 0.497559 0.0151367 0.03125 0.0110779
1 0.323975 0.501465 0.0136719 0.0244141 0.0110245
2 0.215271 0.574707 0.0133057 0.0234375 0.0109406
1 0.0330811 0.00387573 0.0327148 0.00775146 0.0108337
0 0.994629 0.904297 0.0107422 0.0224609 0.0108261
0 0.979492 0.786621 0.0253906 0.0175781 0.010376
