0 0.0276489 0.244873 0.0552979 0.0625 0.928223
0 0.151733 0.242188 0.0473633 0.0581055 0.923828
0 0.106812 0.256104 0.0454102 0.0473633 0.914062
0 0.0620117 0.25708 0.0415039 0.0488281 0.885742
0 0.132202 0.311523 0.0412598 0.0341797 0.834961
0 0.189575 0.302002 0.0539551 0.0454102 0.833984
1 0.123291 0.564941 0.0305176 0.0439453 0.83252
1 0.157837 0.586914 0.0341797 0.0224609 0.769531
0 0.386719 0.717773 0.0307617 0.0341797 0.750977
0 0.22876 0.0299377 0.0200195 0.0292358 0.722656
0 0.418213 0.688477 0.0209961 0.0371094 0.583984
0 0.127563 0.0543823 0.0180664 0.0279541 0.507324
0 0.198242 0.30249 0.0366211 0.043457 0.145386
0 0.172485 0.292969 0.020752 0.0229492 0.142578
0 0.407959 0.714355 0.0136719 0.0214844 0.0587769
2 0.161011 0.0111542 0.0339355 0.0223083 0.0508728
2 0.157593 0.586914 0.0336914 0.0224609 0.0408936
0 0.0122986 0.236023 0.024231 0.0460205 0.0305176
0 0.147339 0.309326 0.0146484 0.0283203 0.030304
1 0.228516 0.0297394 0.0200195 0.0292664 0.0230408
0 0.123657 0.564453 0.0314941 0.0439453 0.0224915
2 0.153076 0.0108643 0.0217285 0.0217285 0.0223389
0 0.124268 0.313232 0.0251465 0.0317383 0.0203247
1 0.131958 0.311768 0.041748 0.034668 0.0198975
2 0.317627 0.0245972 0.0424805 0.0447998 0.0190735
0 0.178101 0.29834 0.0310059 0.0307617 0.0176849
1 0.0270691 0.2453 0.0541382 0.0616455 0.0174255
1 0.161133 0.0110168 0.0368652 0.0220337 0.017395
1 0.988281 0.881836 0.0234375 0.0429688 0.0166779
0 0.192383 0.0764771 0.0178223 0.017334 0.0147476
0 0.406738 0.721191 0.0141602 0.0273438 0.0139236
0 0.376221 0.697754 0.0141602 0.0283203 0.0125732
1 0.949219 0.123169 0.0185547 0.0371094 0.0123215
2 0.123657 0.564453 0.0314941 0.0439453 0.0117645
0 0.375732 0.693359 0.0117188 0.0214844 0.0117111
1 0.162842 0.578125 0.036377 0.0292969 0.0109024
1 0.127441 0.0545044 0.0187988 0.0285645 0.0105591
