2 0.115723 0.186035 0.0456543 0.045166 0.880371
2 0.0798645 0.201416 0.0326538 0.0371094 0.841309
2 0.0124512 0.146851 0.0240479 0.0385742 0.802734
2 0.110352 0.298828 0.041748 0.0380859 0.754395
2 0.0158081 0.107147 0.0313721 0.0388794 0.748047
2 0.896484 0.229492 0.03125 0.0244141 0.712891
2 0.284668 0.982422 0.027832 0.0292969 0.666504
2 0.344238 0.844727 0.0419922 0.0527344 0.50293
2 0.186768 0.370361 0.0280762 0.0336914 0.454834
2 0.932129 0.253662 0.0273438 0.0253906 0.44751
2 0.0950012 0.213867 0.0307007 0.0366211 0.438965
2 0.0824585 0.174194 0.0169678 0.0192871 0.271729
0 0.914062 0.0509644 0.0322266 0.0141602 0.165039
2 0.06427 0.220154 0.0186768 0.0162354 0.162964
2 0.0878906 0.20752 0.0439453 0.0444336 0.0700684
1 0.0124512 0.146851 0.0240479 0.0385742 0.0259857
1 0.115692 0.186646 0.0454712 0.0446777 0.0117035
1 0.110352 0.298828 0.0422363 0.0380859 0.0116501
1 0.344238 0.844727 0.0424805 0.0527344 0.0115738
1 0.914551 0.0512085 0.0332031 0.0147705 0.0100479
