0 0.384521 0.960205 0.0288086 0.0268555 0.87793
0 0.36084 0.975586 0.0253906 0.0292969 0.876953
0 0.530273 0.88623 0.0185547 0.0214844 0.748047
0 0.432861 0.990234 0.0366211 0.0175781 0.742188
0 0.0664673 0.957275 0.0216064 0.0249023 0.649414
0 0.597656 0.992188 0.0214844 0.0136719 0.588867
0 0.624023 0.883301 0.0205078 0.0205078 0.579102
0 0.506836 0.878906 0.0175781 0.0195312 0.53418
0 0.546875 0.880859 0.0166016 0.0146484 0.504883
1 0.432617 0.990234 0.0371094 0.0175781 0.166138
1 0.597656 0.992188 0.0214844 0.0136719 0.0789795
0 0.376221 0.970703 0.0273438 0.0292969 0.0753784
0 0.443604 0.990234 0.0175781 0.0175781 0.0665283
1 0.0664673 0.956543 0.0214844 0.0244141 0.0457764
1 0.546875 0.880859 0.0166016 0.0146484 0.0418091
0 0.422119 0.993164 0.0151367 0.0117188 0.0415039
1 0.360352 0.975586 0.0253906 0.0292969 0.0282593
0 0.582031 0.973633 0.0126953 0.0136719 0.0253143
1 0.384033 0.960449 0.0297852 0.0263672 0.0244293
1 0.507324 0.878906 0.0175781 0.0195312 0.0235443
2 0.547363 0.880371 0.0166016 0.0146484 0.0205536
0 0.351807 0.927246 0.0224609 0.0185547 0.0178528
1 0.624023 0.882812 0.0205078 0.0205078 0.014183
2 0.597656 0.992188 0.0214844 0.0136719 0.0131531
1 0.443604 0.990234 0.0175781 0.0175781 0.0113907
2 0.558594 0.888184 0.0107422 0.0126953 0.011322
