1 0.155273 0.122559 0.0380859 0.0351562 0.9375
0 0.234131 0.142822 0.0229492 0.0402832 0.907715
1 0.0556641 0.225281 0.0404053 0.0421143 0.888184
1 0.00640869 0.245361 0.0119629 0.0268555 0.61084
0 0.19043 0.145508 0.0292969 0.0249023 0.602539
0 0.124634 0.200073 0.020752 0.0185547 0.537598
1 0.0515137 0.187378 0.0172119 0.015625 0.504395
1 0.190552 0.145508 0.0288086 0.0249023 0.454346
1 0.0085144 0.94873 0.0151978 0.015625 0.353027
1 0.124512 0.200073 0.0209961 0.0187988 0.296875
1 0.0859985 0.199097 0.0157471 0.0163574 0.2771
2 0.254639 0.990234 0.0229492 0.0175781 0.0932007
2 0.261719 0.992188 0.0229492 0.015625 0.076355
0 0.00640869 0.245605 0.0126343 0.0273438 0.0669556
2 0.0863953 0.198975 0.0149536 0.0158691 0.0633545
2 0.265381 0.993164 0.019043 0.0136719 0.0368347
0 0.00854492 0.948242 0.0153809 0.015625 0.0361633
0 0.0515137 0.1875 0.0174561 0.0148926 0.0302582
0 0.209229 0.142212 0.0654297 0.036377 0.0273132
2 0.0554199 0.225403 0.0396729 0.0418701 0.0264282
2 0.00845337 0.94873 0.0153809 0.015625 0.0229645
2 0.0515747 0.187256 0.0174561 0.015625 0.0184937
1 0.233643 0.142944 0.0229492 0.0402832 0.0178223
2 0.00628662 0.245117 0.012085 0.0273438 0.0142746
2 0.133423 0.0820312 0.0126953 0.0187988 0.0137558
2 0.11853 0.0949402 0.0146484 0.0122681 0.0122452
2 0.124512 0.200073 0.020752 0.0187988 0.0120926
1 0.0974121 0.198242 0.0378418 0.015625 0.0113678
