0 0.361572 0.595215 0.019043 0.0224609 0.726562
0 0.712891 0.994141 0.0126953 0.0117188 0.492676
2 0.431641 0.845215 0.0136719 0.0175781 0.270752
2 0.766602 0.994141 0.0146484 0.00976562 0.0737305
1 0.713379 0.994141 0.0126953 0.0117188 0.0737305
1 0.431641 0.845215 0.0136719 0.0175781 0.0650635
1 0.361572 0.595215 0.0195312 0.0224609 0.0537109
2 0.775391 0.977539 0.0117188 0.015625 0.0372009
2 0.713379 0.994141 0.0126953 0.0117188 0.0283661
2 0.422607 0.943848 0.0146484 0.0175781 0.0217438
2 0.913574 0.171265 0.0117188 0.0192871 0.017746
2 0.820801 0.994141 0.0136719 0.0117188 0.0162048
