2 0.530273 0.963867 0.0224609 0.0214844 0.75
0 0.161621 0.593262 0.0236816 0.0175781 0.705078
0 0.728516 0.722656 0.0263672 0.0136719 0.663086
2 0.708008 0.70459 0.0224609 0.0253906 0.644043
0 0.812988 0.722168 0.0195312 0.0175781 0.606934
2 0.543945 0.982422 0.0185547 0.015625 0.491943
2 0.703125 0.705078 0.0341797 0.0263672 0.129272
1 0.697266 0.705078 0.0371094 0.0273438 0.0939331
2 0.992188 0.318848 0.015625 0.0200195 0.0874634
2 0.67627 0.717773 0.0146484 0.0166016 0.072937
1 0.67627 0.717773 0.015625 0.0175781 0.0539246
0 0.197021 0.634277 0.00854492 0.0136719 0.0479431
1 0.812988 0.722168 0.0195312 0.0175781 0.0465088
0 0.128296 0.89209 0.0231934 0.0166016 0.0437622
1 0.128296 0.89209 0.0236816 0.0166016 0.0426941
1 0.197021 0.634766 0.0090332 0.0136719 0.039856
1 0.679199 0.713379 0.0224609 0.0234375 0.034729
1 0.728516 0.722656 0.0253906 0.0136719 0.0337524
1 0.692383 0.703125 0.0205078 0.0195312 0.0308228
1 0.70752 0.705078 0.0253906 0.0253906 0.0301361
1 0.529297 0.963867 0.0224609 0.0214844 0.0223999
1 0.161621 0.593262 0.0234375 0.0175781 0.0199738
1 0.683105 0.709961 0.0322266 0.0273438 0.0197144
2 0.330322 0.773926 0.0283203 0.0371094 0.0157623
2 0.692383 0.703125 0.0175781 0.0166016 0.0140762
0 0.161865 0.599121 0.0253906 0.0322266 0.0130615
2 0.694336 0.74707 0.0361328 0.0273438 0.0118103
2 0.678223 0.738281 0.0175781 0.0253906 0.011116
2 0.744141 0.777344 0.0136719 0.015625 0.0105591
2 0.518066 0.266846 0.0126953 0.0253906 0.0105133
2 0.679199 0.713379 0.0224609 0.0234375 0.0103149
