0 0.863281 0.0512695 0.0556641 0.0570068 0.927734
0 0.806641 0.0574951 0.0615234 0.0483398 0.925781
0 0.911133 0.0449219 0.0488281 0.0412598 0.866211
0 0.935547 0.0769043 0.0146484 0.0332031 0.811035
0 0.737793 0.294678 0.0214844 0.0366211 0.297119
0 0.820312 0.0890808 0.0351562 0.0154419 0.259033
0 0.890625 0.0594482 0.0205078 0.0198975 0.122192
0 0.890625 0.0512085 0.0195312 0.0352783 0.0767212
0 0.931152 0.0508881 0.0117188 0.0439758 0.059906
2 0.216675 0.777344 0.017334 0.0175781 0.0414734
1 0.820312 0.0889587 0.0341797 0.0154419 0.0260925
1 0.935547 0.0767822 0.0146484 0.032959 0.0229187
1 0.823242 0.218811 0.0078125 0.02771 0.0202637
0 0.886719 0.0637207 0.0263672 0.0257568 0.0183716
0 0.912598 0.0712891 0.0507812 0.0446777 0.0176849
0 0.752441 0.119629 0.0195312 0.0107422 0.0172729
0 0.748535 0.619629 0.0283203 0.0566406 0.0144577
0 0.86377 0.0733643 0.0410156 0.0137939 0.0133362
1 0.806641 0.0577393 0.0615234 0.0482178 0.012413
2 0.546387 0.926758 0.0166016 0.0166016 0.0111084
0 0.730957 0.284424 0.00878906 0.0175781 0.010788
