1 0.200073 0.244873 0.029541 0.0302734 0.899902
2 0.307129 0.439453 0.0317383 0.0317383 0.891602
1 0.219238 0.216553 0.0273438 0.03125 0.868652
2 0.0563354 0.138916 0.0218506 0.0241699 0.739746
2 0.169189 0.256592 0.020752 0.0136719 0.417969
2 0.0668335 0.115479 0.0183105 0.0219727 0.319092
2 0.199951 0.244873 0.0302734 0.0302734 0.149902
2 0.186523 0.197021 0.0202637 0.0209961 0.0581055
2 0.0564575 0.205566 0.0123291 0.0107422 0.0365295
0 0.219482 0.216736 0.0273438 0.0313721 0.0325317
1 0.307129 0.439209 0.0322266 0.0317383 0.0270233
2 0.305664 0.384033 0.0244141 0.0180664 0.0199585
1 0.0564575 0.205566 0.0123291 0.0107422 0.0199432
0 0.200195 0.245117 0.0292969 0.0307617 0.0107117
1 0.0562744 0.13855 0.0223389 0.0256348 0.0104599
