1 0.324219 0.203064 0.0639648 0.0635986 0.893066
2 0.644043 0.352539 0.0263672 0.0517578 0.762207
2 0.762695 0.0779724 0.0273438 0.0354614 0.493652
2 0.72168 0.0879517 0.0234375 0.026001 0.391113
1 0.762695 0.0782166 0.0273438 0.0357056 0.284912
1 0.644531 0.352295 0.0253906 0.0522461 0.0982056
2 0.32373 0.203735 0.0634766 0.0646973 0.0783691
2 0.984375 0.63623 0.015625 0.0224609 0.0655518
1 0.987305 0.629883 0.015625 0.0117188 0.0537415
1 0.995605 0.625 0.00878906 0.0126953 0.0519104
2 0.985352 0.630371 0.0136719 0.0117188 0.0458374
2 0.995117 0.23999 0.00976562 0.0131836 0.0447693
1 0.986328 0.635742 0.0195312 0.0244141 0.0411682
2 0.644043 0.537598 0.0341797 0.0478516 0.0378113
2 0.458252 0.670898 0.0170898 0.0263672 0.0332947
2 0.984375 0.640137 0.0136719 0.015625 0.0327148
2 0.110718 0.106812 0.0290527 0.0275879 0.0245667
2 0.0065918 0.244629 0.0126953 0.0361328 0.0239105
0 0.644043 0.353027 0.0263672 0.0512695 0.0188141
2 0.995605 0.244385 0.00878906 0.0219727 0.0184021
2 0.464355 0.311768 0.0458984 0.0327148 0.017868
2 0.679688 0.0377197 0.0244141 0.0178223 0.0153122
2 0.218384 0.114624 0.0412598 0.0227051 0.015274
2 0.995605 0.625 0.00878906 0.0126953 0.0126419
0 0.995605 0.625 0.00878906 0.0126953 0.0111008
2 0.930176 0.429443 0.0292969 0.0268555 0.0101318
