1 0.964355 0.078186 0.0380859 0.0286865 0.831543
2 0.106934 0.306396 0.0253906 0.0283203 0.702148
2 0.835449 0.388184 0.0371094 0.0322266 0.641602
2 0.223083 0.174805 0.026001 0.0273438 0.43042
0 0.382568 0.0582886 0.0317383 0.0338135 0.373535
2 0.00875854 0.746582 0.0170288 0.0380859 0.195557
1 0.835449 0.388184 0.0361328 0.03125 0.147461
2 0.964355 0.0782471 0.0400391 0.0281982 0.111877
1 0.990234 0.0908508 0.0195312 0.0197144 0.0916138
2 0.84082 0.646973 0.0322266 0.0166016 0.0280457
1 0.988281 0.0874329 0.0234375 0.0275269 0.0265656
2 0.54248 0.593262 0.0146484 0.0175781 0.0162201
1 0.382568 0.0582886 0.0317383 0.0338135 0.0126953
2 0.40918 0.15979 0.0375977 0.0354004 0.011116
1 0.00872803 0.746582 0.0167236 0.0380859 0.0109024
