2 0.900391 0.652344 0.0322266 0.0322266 0.914062
2 0.896973 0.614746 0.0283203 0.0283203 0.874512
0 0.971924 0.535156 0.0209961 0.0234375 0.80957
2 0.517578 0.515625 0.0234375 0.0214844 0.75293
2 0.42627 0.664551 0.0229492 0.0244141 0.751465
2 0.927246 0.647461 0.0195312 0.0283203 0.654785
2 0.971436 0.412109 0.0200195 0.0185547 0.630371
2 0.408447 0.613281 0.0224609 0.0175781 0.597656
2 0.463135 0.64209 0.0229492 0.0224609 0.500977
1 0.463135 0.641602 0.0229492 0.0234375 0.481934
2 0.991211 0.440918 0.015625 0.0180664 0.476562
2 0.486328 0.643066 0.0224609 0.0185547 0.474365
2 0.82666 0.826172 0.015625 0.0224609 0.166748
2 0.922363 0.638672 0.0205078 0.0224609 0.11554
2 0.993164 0.415527 0.0136719 0.015625 0.0696411
2 0.0556641 0.401855 0.0163574 0.0195312 0.0540466
2 0.375 0.580566 0.0214844 0.0175781 0.0528564
2 0.476074 0.64209 0.0263672 0.0214844 0.0528564
2 0.937988 0.647461 0.0410156 0.0283203 0.0508423
1 0.82666 0.826172 0.0166016 0.0224609 0.0387573
0 0.368896 0.0743408 0.00830078 0.0098877 0.0300293
1 0.486816 0.643066 0.0234375 0.0195312 0.0294342
2 0.297119 0.439453 0.0180664 0.0175781 0.0200806
2 0.919434 0.634766 0.0195312 0.0224609 0.014473
2 0.819336 0.815918 0.0136719 0.0107422 0.0144119
2 0.423096 0.640137 0.0161133 0.0146484 0.013176
2 0.88623 0.623535 0.0185547 0.0195312 0.0127869
2 0.51709 0.490234 0.0126953 0.0185547 0.0125809
1 0.937988 0.647461 0.0410156 0.0283203 0.0116653
1 0.956055 0.646973 0.0166016 0.0117188 0.0101395
