0 0.724609 0.083252 0.015625 0.0219727 0.637695
0 0.738281 0.0955811 0.0263672 0.0302734 0.556152
0 0.746094 0.114624 0.0175781 0.0202637 0.513184
0 0.746582 0.118164 0.0195312 0.0288086 0.242554
1 0.738281 0.0955811 0.0263672 0.0297852 0.206665
0 0.746094 0.108521 0.0185547 0.0300293 0.106201
1 0.725098 0.0830688 0.0166016 0.0218506 0.067749
0 0.748047 0.122803 0.0175781 0.0239258 0.0623474
2 0.587891 0.0374146 0.0380859 0.0264893 0.0534363
0 0.750488 0.128296 0.0126953 0.0134277 0.0445862
1 0.588379 0.0369415 0.0371094 0.0258484 0.0349121
1 0.746094 0.111572 0.0175781 0.0217285 0.0271606
0 0.73291 0.0881653 0.0253906 0.0287476 0.0203705
2 0.0484619 0.528809 0.0238037 0.0263672 0.0121384
