2 0.734863 0.270996 0.0302734 0.0283203 0.814453
2 0.842285 0.0106964 0.0380859 0.0213928 0.811035
2 0.556641 0.212036 0.0205078 0.0305176 0.70752
2 0.537109 0.359619 0.0292969 0.0317383 0.701172
2 0.624512 0.521973 0.0292969 0.0283203 0.664551
2 0.437256 0.508789 0.0283203 0.0224609 0.625977
2 0.0645752 0.437988 0.026001 0.0283203 0.188354
2 0.701172 0.246338 0.0107422 0.0214844 0.181274
2 0.623535 0.502441 0.0332031 0.0126953 0.0959473
2 0.816406 0.00471497 0.015625 0.00942993 0.0554199
1 0.556152 0.212341 0.0205078 0.0299072 0.0539246
2 0.623047 0.506348 0.03125 0.0205078 0.0513611
2 0.509277 0.706055 0.0439453 0.0390625 0.0350647
1 0.701172 0.246094 0.0117188 0.0219727 0.0314636
1 0.841797 0.0106659 0.0371094 0.0213318 0.0267639
2 0.625977 0.510254 0.0322266 0.0224609 0.0249939
2 0.737793 0.248779 0.0205078 0.0170898 0.0112381
2 0.916992 0.524902 0.0244141 0.0273438 0.0107193
