0 0.373535 0.541504 0.0712891 0.0673828 0.938477
0 0.303467 0.530762 0.065918 0.0673828 0.926758
0 0.192993 0.557129 0.0422363 0.0449219 0.835938
0 0.0626831 0.530273 0.0510254 0.0644531 0.72998
0 0.246826 0.435547 0.0507812 0.0742188 0.711914
0 0.0934753 0.152466 0.0142212 0.0219727 0.436523
0 0.174927 0.56543 0.0241699 0.0322266 0.384033
2 0.230469 0.719238 0.0234375 0.0234375 0.170776
1 0.247559 0.435059 0.0498047 0.0732422 0.144287
1 0.0935364 0.152344 0.0140991 0.0222168 0.114319
1 0.373535 0.541504 0.0712891 0.0673828 0.052124
1 0.174194 0.565918 0.0231934 0.0302734 0.0384521
2 0.416016 0.331299 0.0229492 0.0234375 0.0335083
1 0.192749 0.557129 0.0422363 0.0458984 0.0250244
1 0.303711 0.530273 0.0644531 0.0683594 0.0202026
2 0.287842 0.700195 0.0131836 0.015625 0.0170746
2 0.535156 0.526367 0.015625 0.0224609 0.0149078
1 0.416016 0.331299 0.0229492 0.0234375 0.0100632
