0 0.0946045 0.0418091 0.0202637 0.0205078 0.762695
0 0.101196 0.0145874 0.0168457 0.0151978 0.610352
2 0.729492 0.645996 0.0205078 0.0224609 0.526367
1 0.0614624 0.0772705 0.0184326 0.0181885 0.156372
0 0.961914 0.00775146 0.0351562 0.0155029 0.10199
1 0.729492 0.645996 0.0205078 0.0234375 0.0653687
0 0.0609741 0.0773315 0.0178223 0.0181885 0.0603943
1 0.101074 0.0145264 0.0170898 0.0152588 0.0403442
1 0.0944519 0.041626 0.0205688 0.0206299 0.029129
2 0.0618286 0.0768433 0.019165 0.019043 0.0130157
