2 0.500977 0.708008 0.0361328 0.0341797 0.87793
2 0.70752 0.593262 0.0244141 0.0263672 0.874512
2 0.0739746 0.742188 0.0222168 0.0224609 0.733887
2 0.0891113 0.656738 0.0234375 0.0214844 0.64502
2 0.364258 0.958252 0.0214844 0.0307617 0.640625
2 0.67334 0.596191 0.0244141 0.03125 0.636719
2 0.247559 0.0732422 0.0195312 0.029541 0.611816
2 0.329102 0.964844 0.0102539 0.0234375 0.598145
2 0.515137 0.0507812 0.0253906 0.0441895 0.555176
1 0.364502 0.958252 0.0219727 0.0307617 0.43335
1 0.0891113 0.656738 0.0234375 0.0214844 0.227661
1 0.515137 0.050415 0.0263672 0.0437012 0.18103
2 0.491211 0.296875 0.0136719 0.0146484 0.135986
0 0.0415192 0.755859 0.0265808 0.0175781 0.110901
1 0.500977 0.708008 0.0361328 0.0341797 0.108276
2 0.313965 0.985352 0.0283203 0.0292969 0.0844727
2 0.482422 0.650879 0.0244141 0.0224609 0.0440674
1 0.688965 0.570312 0.0214844 0.0214844 0.0424194
1 0.0739746 0.742188 0.0222168 0.0224609 0.0294495
2 0.533203 0.994141 0.0175781 0.00976562 0.0292664
2 0.255615 0.611328 0.015625 0.015625 0.0254517
2 0.467407 0.63623 0.0163574 0.0195312 0.023819
0 0.299316 0.65332 0.0229492 0.015625 0.0212555
2 0.516113 0.0651855 0.0185547 0.0159912 0.0206299
1 0.0409546 0.755371 0.0266113 0.0195312 0.0178375
2 0.0430908 0.663574 0.0216064 0.0126953 0.0177917
2 0.689453 0.569824 0.0224609 0.0234375 0.0170746
2 0.709473 0.562012 0.015625 0.0136719 0.0149536
1 0.230713 0.70166 0.0117188 0.0136719 0.0141678
0 0.0466919 0.760742 0.0162354 0.00878906 0.0139847
1 0.298828 0.652832 0.0229492 0.0166016 0.0123749
2 0.204468 0.617676 0.0180664 0.0136719 0.0110855
1 0.491211 0.296631 0.0136719 0.0146484 0.0110321
2 0.544922 0.121826 0.0117188 0.0158691 0.0105057
