0 0.90918 0.754883 0.0341797 0.0390625 0.931641
0 0.950195 0.383057 0.046875 0.0541992 0.926758
0 0.648438 0.0255127 0.0537109 0.0487061 0.895508
0 0.967041 0.765625 0.0405273 0.0429688 0.890137
0 0.936035 0.773926 0.0302734 0.0371094 0.889648
0 0.307373 0.890625 0.0600586 0.0488281 0.862305
0 0.950195 0.720703 0.0449219 0.0546875 0.848633
0 0.967773 0.421143 0.0195312 0.0424805 0.827148
2 0.584961 0.0132141 0.0390625 0.026062 0.79541
0 0.681641 0.191528 0.0244141 0.0541992 0.750977
0 0.810059 0.171021 0.0263672 0.0180664 0.746582
0 0.858398 0.527832 0.0234375 0.0322266 0.737305
0 0.629883 0.00646973 0.0507812 0.0129395 0.671875
0 0.431152 0.0257416 0.0141602 0.028717 0.599609
0 0.751953 0.258301 0.0126953 0.0366211 0.512207
0 0.66748 0.19165 0.0136719 0.0463867 0.471191
0 0.85791 0.522461 0.0224609 0.0214844 0.394043
1 0.66748 0.191772 0.0126953 0.0466309 0.366455
1 0.681152 0.191895 0.0234375 0.0541992 0.19397
1 0.630859 0.00674438 0.0507812 0.0134888 0.18042
0 0.857422 0.518066 0.0214844 0.0166016 0.160522
0 0.995605 0.74707 0.00878906 0.0166016 0.145264
1 0.681152 0.220642 0.0195312 0.0157471 0.113098
0 0.986328 0.746582 0.0273438 0.0205078 0.09021
0 0.949219 0.739258 0.0380859 0.0175781 0.0880737
1 0.996094 0.748047 0.0078125 0.0166016 0.0842896
2 0.895508 0.14563 0.0175781 0.0163574 0.0688477
1 0.895508 0.145264 0.0175781 0.0168457 0.0651855
0 0.522949 0.00308228 0.0214844 0.00616455 0.0546875
0 0.984131 0.742676 0.0317383 0.0273438 0.0507507
0 0.681152 0.220703 0.0195312 0.015625 0.0501404
1 0.85791 0.522461 0.0234375 0.0214844 0.0488892
1 0.858398 0.527832 0.0244141 0.03125 0.0436707
1 0.949951 0.720215 0.0454102 0.0546875 0.0368347
1 0.857422 0.518066 0.0224609 0.0166016 0.0345154
1 0.908691 0.754883 0.0341797 0.0380859 0.0343628
1 0.431152 0.0258179 0.0146484 0.0290527 0.0337219
0 0.950195 0.728516 0.0410156 0.0380859 0.0299988
1 0.646973 0.0258789 0.0556641 0.0458984 0.0295715
0 0.901367 0.777832 0.0185547 0.0146484 0.0206757
1 0.810059 0.171021 0.0263672 0.0180664 0.0203857
1 0.967529 0.420654 0.0200195 0.0415039 0.02005
1 0.584473 0.0134277 0.0390625 0.026062 0.0194855
0 0.958984 0.599609 0.00683594 0.0136719 0.0192413
1 0.986328 0.746582 0.0273438 0.0205078 0.0192261
1 0.950195 0.38208 0.046875 0.0541992 0.0149231
1 0.936035 0.773926 0.0302734 0.0361328 0.0131073
0 0.672363 0.191162 0.0244141 0.0512695 0.012085
1 0.302002 0.94751 0.0742188 0.103027 0.0120544
0 0.939453 0.54834 0.00976562 0.00976562 0.0113754
