0 0.638672 0.955811 0.0654297 0.0668945 0.912598
0 0.825684 0.907227 0.0322266 0.0273438 0.864258
0 0.127319 0.920898 0.0166016 0.0136719 0.26001
1 0.534668 0.253418 0.116211 0.126953 0.166748
1 0.614746 0.533203 0.0224609 0.0175781 0.13147
0 0.272461 0.640137 0.0166016 0.0126953 0.0502014
2 0.614746 0.533203 0.0224609 0.0175781 0.0406799
2 0.988281 0.521484 0.0234375 0.0419922 0.0324707
0 0.827637 0.956055 0.0244141 0.00976562 0.0249023
2 0.847168 0.943359 0.0244141 0.0175781 0.0198364
2 0.647949 0.53125 0.0136719 0.015625 0.0154343
1 0.647949 0.53125 0.0136719 0.015625 0.0116272
