0 0.991211 0.871094 0.0175781 0.0341797 0.827637
0 0.990234 0.857422 0.0195312 0.0693359 0.0671997
0 0.226562 0.990234 0.0146484 0.0195312 0.0184631
1 0.991211 0.871094 0.0175781 0.0341797 0.0169678
0 0.00521851 0.734375 0.00982666 0.0244141 0.0155411
1 0.995605 0.831543 0.00878906 0.0136719 0.0151901
1 0.990234 0.852051 0.0195312 0.0605469 0.011795
0 0.213379 0.981201 0.0395508 0.0336914 0.0117722
1 0.214478 0.983643 0.0378418 0.0307617 0.011734
2 0.995117 0.691406 0.00976562 0.0126953 0.0110779
