0 0.743652 0.977051 0.112305 0.0458984 0.927734
0 0.523438 0.674805 0.0859375 0.106445 0.922363
0 0.62207 0.850098 0.108398 0.105469 0.912598
0 0.65332 0.964355 0.0888672 0.0712891 0.904297
0 0.237854 0.778809 0.0760498 0.0839844 0.89209
0 0.615234 0.690918 0.0654297 0.0791016 0.865234
0 0.812012 0.840332 0.0400391 0.0546875 0.857422
0 0.585449 0.894043 0.0791016 0.0927734 0.852051
0 0.541992 0.768555 0.0429688 0.0537109 0.845703
0 0.591797 0.987305 0.0498047 0.0253906 0.805664
0 0.586914 0.744629 0.0839844 0.0791016 0.757324
0 0.190186 0.825195 0.0498047 0.0615234 0.753418
0 0.778809 0.8125 0.0644531 0.0615234 0.722168
0 0.236267 0.884277 0.0518799 0.0585938 0.702148
0 0.495117 0.304932 0.0458984 0.108887 0.378662
0 0.496094 0.268311 0.0205078 0.0629883 0.32959
0 0.2276 0.849121 0.0379639 0.0517578 0.273438
0 0.520508 0.777832 0.0234375 0.0341797 0.234619
0 0.083374 0.662109 0.0180664 0.0517578 0.145386
0 0.245361 0.851074 0.043457 0.0498047 0.138672
1 0.276367 0.772949 0.0180664 0.0302734 0.0836182
0 0.788086 0.808594 0.046875 0.0527344 0.0770264
0 0.223389 0.860352 0.0273438 0.0410156 0.05896
0 0.761719 0.833008 0.0263672 0.0234375 0.0587158
1 0.591309 0.987305 0.0488281 0.0253906 0.0445862
0 0.583008 0.789551 0.0527344 0.0292969 0.0409241
1 0.744141 0.976318 0.113281 0.0454102 0.0358582
0 0.224854 0.862793 0.0327148 0.0546875 0.0345764
1 0.496094 0.266846 0.0195312 0.0615234 0.0328674
0 0.229675 0.867188 0.0455322 0.0732422 0.0316772
1 0.244385 0.853516 0.0400391 0.0439453 0.0289307
2 0.24292 0.854492 0.0400391 0.0419922 0.0281372
0 0.581543 0.875 0.0712891 0.0917969 0.0269012
0 0.603516 0.986328 0.0703125 0.0253906 0.0242615
1 0.65332 0.963867 0.0878906 0.0722656 0.0235443
1 0.62207 0.849609 0.109375 0.106445 0.023468
0 0.496094 0.269287 0.0263672 0.0766602 0.0221252
2 0.241455 0.863281 0.0444336 0.0556641 0.0217438
0 0.506836 0.339355 0.0263672 0.0390625 0.0213928
0 0.504883 0.333984 0.0332031 0.0517578 0.021225
0 0.276367 0.773438 0.0180664 0.0302734 0.0201874
0 0.644531 0.768066 0.015625 0.046875 0.0152817
0 0.762207 0.822754 0.0332031 0.0488281 0.0150299
0 0.184937 0.851562 0.0280762 0.0166016 0.0148163
0 0.728027 0.978271 0.0849609 0.0415039 0.0144196
1 0.083374 0.662109 0.0180664 0.0517578 0.0144119
0 0.630859 0.745117 0.0419922 0.0986328 0.0138245
0 0.765625 0.816406 0.0458984 0.0595703 0.0131149
1 0.584961 0.89502 0.0800781 0.0888672 0.0110703
1 0.524902 0.675293 0.0849609 0.108398 0.0109253
0 0.740723 0.987793 0.0986328 0.0244141 0.01017
1 0.541992 0.768066 0.0410156 0.0537109 0.0100708
