1 0.942383 0.779297 0.0410156 0.0488281 0.924805
0 0.509766 0.479492 0.0253906 0.0410156 0.891602
1 0.295166 0.490723 0.034668 0.0283203 0.881348
0 0.00961304 0.195435 0.019104 0.0397949 0.868652
1 0.491211 0.373047 0.0117188 0.0219727 0.297363
2 0.429688 0.501953 0.0141602 0.015625 0.261475
1 0.00946045 0.195435 0.0187378 0.0390625 0.242188
2 0.377197 0.650391 0.0175781 0.03125 0.176025
2 0.536621 0.147827 0.0126953 0.0153809 0.105347
1 0.0620728 0.996094 0.03125 0.0078125 0.101135
1 0.026535 0.172119 0.0187073 0.0214844 0.0933228
2 0.551758 0.124878 0.0136719 0.0163574 0.0929565
1 0.440674 0.474243 0.0151367 0.017334 0.0897827
0 0.491211 0.373047 0.0117188 0.0219727 0.0640259
2 0.0266266 0.172363 0.0186462 0.0209961 0.0631714
2 0.385254 0.3396 0.0161133 0.0175781 0.0556641
0 0.440674 0.474121 0.0151367 0.0175781 0.0491028
0 0.474121 0.63916 0.0195312 0.0136719 0.0430908
2 0.552246 0.146118 0.0166016 0.017334 0.025177
2 0.295166 0.490723 0.034668 0.0273438 0.0170288
1 0.409668 0.861816 0.0131836 0.015625 0.0153732
2 0.549316 0.151367 0.0136719 0.0107422 0.0149231
0 0.0617065 0.995117 0.0310059 0.0078125 0.0148087
0 0.941895 0.778809 0.0400391 0.0478516 0.0128479
1 0.509766 0.479614 0.0253906 0.041748 0.0121078
1 0.490723 0.369629 0.0107422 0.015625 0.0118637
2 0.151001 0.934082 0.0151367 0.0126953 0.0114517
1 0.335205 0.59082 0.0131836 0.00878906 0.0103149
0 0.335205 0.59082 0.0131836 0.00878906 0.0102386
