0 0.273926 0.345703 0.0371094 0.0424805 0.924805
0 0.16626 0.318848 0.0336914 0.0229492 0.891602
0 0.965576 0.34375 0.027832 0.0258789 0.862305
0 0.34668 0.260498 0.0307617 0.0390625 0.858398
0 0.450439 0.480469 0.0317383 0.0283203 0.840332
0 0.381836 0.54248 0.0219727 0.0253906 0.813965
0 0.109741 0.259766 0.0419922 0.0332031 0.777832
0 0.143921 0.294922 0.0205078 0.0253906 0.652832
0 0.958496 0.375 0.0136719 0.0195312 0.533203
0 0.299072 0.273438 0.027832 0.0170898 0.44751
0 0.89502 0.977539 0.0136719 0.015625 0.428467
0 0.271973 0.238525 0.019043 0.0229492 0.394531
0 0.298584 0.268311 0.0288086 0.0268555 0.112305
0 0.615234 0.466309 0.0136719 0.0107422 0.0880127
1 0.144287 0.294922 0.020752 0.0253906 0.0733032
2 0.872559 0.325684 0.0195312 0.0141602 0.0532837
2 0.813965 0.402588 0.0273438 0.0283203 0.047821
1 0.89502 0.977539 0.0136719 0.015625 0.0385437
2 0.106689 0.817871 0.0168457 0.0195312 0.0351257
1 0.346436 0.260498 0.0307617 0.0385742 0.0198364
0 0.958984 0.369141 0.0166016 0.0263672 0.0194702
0 0.9729 0.336914 0.0151367 0.0117188 0.0180511
0 0.44043 0.474121 0.012207 0.0146484 0.0177307
1 0.615234 0.466431 0.0136719 0.0114746 0.0171204
1 0.166382 0.319092 0.0339355 0.0229492 0.0153656
1 0.872559 0.325439 0.0185547 0.0151367 0.013176
2 0.502441 0.95166 0.0361328 0.0498047 0.0128708
2 0.981445 0.274658 0.0136719 0.0166016 0.0125351
2 0.109619 0.832031 0.0131836 0.0136719 0.0107727
