1 0.277832 0.23468 0.0361328 0.0340576 0.898438
2 0.417725 0.961182 0.0341797 0.034668 0.890137
2 0.309326 0.255371 0.0273438 0.0317383 0.87793
2 0.454102 0.979492 0.0390625 0.0390625 0.873535
1 0.337646 0.217957 0.03125 0.0328369 0.837891
2 0.783691 0.106476 0.0292969 0.0280151 0.835449
2 0.37793 0.260986 0.0288086 0.0351562 0.758301
2 0.325439 0.238037 0.0239258 0.0273438 0.515625
2 0.491211 0.993164 0.0419922 0.0117188 0.480469
2 0.837402 0.0827637 0.0185547 0.015625 0.400879
1 0.417236 0.961182 0.034668 0.034668 0.136719
1 0.378174 0.26123 0.0292969 0.0356445 0.112244
2 0.373535 0.275146 0.0229492 0.0146484 0.10376
1 0.491211 0.994141 0.0429688 0.0117188 0.100098
1 0.454346 0.979248 0.0395508 0.0395508 0.0803833
2 0.277588 0.23468 0.0361328 0.0345459 0.0630493
1 0.30957 0.255859 0.027832 0.0317383 0.059845
1 0.324463 0.237793 0.0273438 0.0302734 0.0467224
2 0.985352 0.82373 0.0253906 0.0410156 0.0440369
2 0.425781 0.990723 0.0273438 0.0185547 0.028183
1 0.373535 0.275146 0.0229492 0.0146484 0.0281067
2 0.328369 0.241211 0.0234375 0.0224609 0.0271912
2 0.373535 0.267578 0.0244141 0.0288086 0.0236359
0 0.337891 0.218262 0.03125 0.0336914 0.0231018
2 0.338379 0.253418 0.0219727 0.0244141 0.0214539
1 0.989258 0.990234 0.0214844 0.0195312 0.0188904
2 0.740723 0.173096 0.0175781 0.0212402 0.0186005
2 0.48877 0.992188 0.0439453 0.015625 0.0180664
1 0.783691 0.106293 0.0302734 0.0283813 0.0130463
2 0.337402 0.21759 0.0332031 0.0335693 0.0110321
2 0.188354 0.27832 0.0124512 0.0136719 0.01091
1 0.00723267 0.770508 0.0135498 0.0332031 0.0102844
