0 0.63916 0.667969 0.0302734 0.0302734 0.879883
0 0.457031 0.346191 0.0214844 0.0253906 0.868652
0 0.544434 0.758789 0.0136719 0.0126953 0.34375
2 0.634277 0.919434 0.0175781 0.0175781 0.228149
2 0.285889 0.447998 0.0117188 0.0141602 0.17981
0 0.648438 0.571289 0.015625 0.0107422 0.145264
1 0.498535 0.723633 0.0146484 0.0136719 0.058136
0 0.891113 0.558105 0.0224609 0.0214844 0.0564575
0 0.498535 0.724121 0.0146484 0.0136719 0.0553894
1 0.286133 0.447998 0.0126953 0.0141602 0.0433655
2 0.254395 0.570801 0.0131836 0.0205078 0.0415039
1 0.543945 0.758789 0.0136719 0.0126953 0.0279999
1 0.26001 0.569824 0.0249023 0.0234375 0.027832
1 0.634277 0.919434 0.0185547 0.0185547 0.0227966
0 0.628418 0.678223 0.0136719 0.0107422 0.0192719
2 0.498535 0.724121 0.0146484 0.0136719 0.0169678
2 0.259766 0.570312 0.0239258 0.0234375 0.0160675
1 0.457031 0.345947 0.0214844 0.0249023 0.0159912
1 0.291016 0.44165 0.012207 0.0102539 0.0153809
0 0.286865 0.446777 0.0136719 0.0161133 0.0151749
0 0.324219 0.708496 0.0258789 0.0332031 0.0139084
2 0.306152 0.481934 0.015625 0.0126953 0.0132904
1 0.253662 0.570801 0.0131836 0.0195312 0.0129852
1 0.648438 0.571289 0.015625 0.0107422 0.0111542
1 0.382568 0.168091 0.0180664 0.0134277 0.0106812
0 0.861328 0.0181274 0.0214844 0.0119629 0.0103378
