1 0.0476074 0.880859 0.0506592 0.0556641 0.936523
2 0.594238 0.550293 0.0283203 0.0244141 0.831543
0 0.0673218 0.0994873 0.0494385 0.0227051 0.55127
0 0.770996 0.442871 0.0361328 0.0322266 0.147705
0 0.94043 0.916992 0.0439453 0.00976562 0.123596
1 0.0670776 0.0995178 0.0489502 0.0223999 0.0428467
2 0.562012 0.518066 0.0126953 0.0136719 0.0325012
0 0.329834 0.840332 0.0297852 0.0419922 0.0229797
1 0.94043 0.916992 0.0439453 0.00976562 0.0201263
2 0.115356 0.457886 0.0217285 0.0393066 0.019516
0 0.896973 0.914551 0.0361328 0.00976562 0.0179138
2 0.607422 0.515137 0.0185547 0.0214844 0.0152969
2 0.359619 0.820312 0.0356445 0.03125 0.013504
0 0.79541 0.985352 0.0263672 0.0175781 0.0126114
0 0.0474243 0.880859 0.0498047 0.0556641 0.0125427
2 0.868164 0.0161285 0.0419922 0.0308533 0.0123978
2 0.395508 0.0118103 0.0253906 0.0209961 0.0113907
0 0.764648 0.441895 0.0224609 0.0302734 0.0100784
