0 0.308594 0.323242 0.046875 0.0478516 0.918945
0 0.505859 0.413574 0.0390625 0.0322266 0.901367
0 0.34375 0.372803 0.0297852 0.0449219 0.897461
0 0.321533 0.409668 0.0161133 0.0307617 0.883301
0 0.428467 0.472534 0.0239258 0.0373535 0.882324
0 0.0413666 0.0359497 0.0202942 0.0250244 0.862793
0 0.438477 0.494629 0.0322266 0.0410156 0.861816
0 0.336182 0.64209 0.0307617 0.0351562 0.858398
0 0.495117 0.391602 0.0332031 0.0229492 0.854492
1 0.0237579 0.137817 0.0157166 0.0227051 0.853516
0 0.661621 0.0845642 0.0244141 0.0234985 0.848633
0 0.317627 0.370605 0.0322266 0.0458984 0.827637
0 0.324951 0.749023 0.0258789 0.0351562 0.821777
0 0.634277 0.105957 0.0234375 0.0205078 0.820312
0 0.615723 0.108643 0.015625 0.0214844 0.814941
0 0.641602 0.0932007 0.0244141 0.0216064 0.80957
0 0.342285 0.766602 0.0249023 0.0205078 0.745117
1 0.721191 0.344238 0.0224609 0.0249023 0.723633
1 0.300781 0.879883 0.0200195 0.0244141 0.711914
0 0.357178 0.744629 0.0175781 0.0244141 0.691895
1 0.0263062 0.202881 0.0223389 0.0244141 0.678223
1 0.321289 0.868652 0.0175781 0.0263672 0.61084
2 0.25 0.964844 0.0131836 0.0195312 0.609375
1 0.724121 0.32666 0.0195312 0.0166016 0.576172
1 0.219727 0.96875 0.0263672 0.0253906 0.568848
0 0.341553 0.737793 0.0263672 0.0244141 0.553223
0 0.890625 0.208984 0.0117188 0.013916 0.540039
1 0.00527954 0.151367 0.0102539 0.0151367 0.455078
0 0.463623 0.447998 0.0131836 0.0166016 0.430908
0 0.202637 0.541992 0.0175781 0.0175781 0.395752
0 0.848633 0.213989 0.0166016 0.0148926 0.344238
0 0.195923 0.583008 0.0119629 0.0380859 0.343994
0 0.431152 0.51709 0.0229492 0.0263672 0.329346
0 0.850586 0.208862 0.015625 0.0144043 0.325439
1 0.861816 0.0370483 0.0136719 0.0177002 0.318604
0 0.630371 0.10437 0.0205078 0.0187988 0.291748
1 0.357422 0.722168 0.015625 0.0205078 0.285156
0 0.43335 0.520508 0.0195312 0.0205078 0.273438
0 0.317139 0.361084 0.0297852 0.0283203 0.25708
2 0.00750732 0.207397 0.0115356 0.0163574 0.251953
0 0.0264282 0.203125 0.0223389 0.0246582 0.248047
0 0.348389 0.742676 0.0273438 0.0292969 0.245117
0 0.803223 0.33374 0.0117188 0.00976562 0.23877
0 0.742676 0.554199 0.0117188 0.0117188 0.235474
0 0.839844 0.217285 0.0117188 0.0112305 0.230103
2 0.721191 0.344238 0.0234375 0.0249023 0.198853
1 0.322021 0.748047 0.0307617 0.0380859 0.194824
1 0.433105 0.520508 0.0205078 0.0205078 0.188599
2 0.218994 0.969727 0.0263672 0.0253906 0.185181
0 0.553223 0.182251 0.00878906 0.0224609 0.17981
2 0.847656 0.121338 0.0175781 0.0187988 0.170044
1 0.950195 0.354492 0.0117188 0.0112305 0.164429
0 0.852051 0.212158 0.0175781 0.0166016 0.163818
1 0.341797 0.736328 0.0258789 0.0205078 0.144409
1 0.742188 0.554199 0.0126953 0.0117188 0.133789
1 0.356689 0.743652 0.0180664 0.0244141 0.130737
0 0.343994 0.733887 0.0229492 0.0175781 0.127686
0 0.345459 0.364746 0.0258789 0.027832 0.126831
0 0.859375 0.208008 0.00976562 0.012207 0.126221
1 0.316162 0.73584 0.0249023 0.0136719 0.118713
0 0.611816 0.170654 0.0107422 0.0107422 0.117981
2 0.65918 0.198486 0.0117188 0.0202637 0.116638
0 0.361816 0.751953 0.0107422 0.0253906 0.116455
0 0.84668 0.216187 0.0205078 0.013916 0.109253
0 0.563965 0.205078 0.00878906 0.0100098 0.108215
1 0.342285 0.766602 0.0249023 0.0205078 0.10553
0 0.636719 0.149536 0.00976562 0.0090332 0.105225
1 0.803223 0.333984 0.0117188 0.0102539 0.103943
0 0.316406 0.736328 0.0258789 0.015625 0.103577
2 0.356689 0.721191 0.0146484 0.0185547 0.103088
1 0.431396 0.51709 0.0234375 0.0273438 0.101501
2 0.653809 0.0562744 0.0126953 0.0163574 0.101257
0 0.325195 0.381348 0.0175781 0.0253906 0.0911255
1 0.636719 0.149536 0.00976562 0.0090332 0.0897217
2 0.397217 0.00765991 0.0102539 0.0147705 0.0848389
0 0.194946 0.587891 0.00952148 0.0292969 0.0848389
0 0.861816 0.0368042 0.0136719 0.0175781 0.0809326
0 0.318848 0.746094 0.0283203 0.0332031 0.0805054
0 0.197388 0.578613 0.0109863 0.0302734 0.071167
2 0.697266 0.15686 0.0117188 0.0124512 0.071167
2 0.117188 0.994141 0.0141602 0.00976562 0.071106
2 0.724609 0.326904 0.0195312 0.0166016 0.069519
1 0.611816 0.171509 0.0117188 0.012207 0.0691528
2 0.950195 0.354248 0.0107422 0.0112305 0.0670776
2 0.30127 0.879883 0.0200195 0.0253906 0.0641479
2 0.321289 0.868652 0.0180664 0.0253906 0.0630493
0 0.201294 0.554199 0.0187988 0.0439453 0.061615
1 0.34082 0.705078 0.0131836 0.0166016 0.0587158
1 0.641113 0.0934143 0.0244141 0.0221558 0.0519104
1 0.00904846 0.144897 0.0180969 0.0256348 0.0492554
0 0.357422 0.722168 0.0151367 0.0205078 0.0484924
1 0.615723 0.108643 0.0166016 0.0214844 0.0483398
1 0.634277 0.106079 0.0244141 0.0209961 0.043335
0 0.344971 0.750977 0.0185547 0.0185547 0.0385132
0 0.314697 0.735352 0.0205078 0.0126953 0.0383606
0 0.849121 0.211914 0.0273438 0.0214844 0.0379944
1 0.321777 0.40918 0.0166016 0.0317383 0.0377808
0 0.82373 0.27002 0.0224609 0.0288086 0.036438
0 0.0234375 0.137695 0.015625 0.0227051 0.0346375
1 0.661621 0.0845642 0.0234375 0.0237427 0.0325623
0 0.837891 0.216614 0.0107422 0.0125732 0.0314636
1 0.202759 0.541992 0.0178223 0.0175781 0.0303802
0 0.497559 0.422363 0.0234375 0.012207 0.0291901
0 0.311279 0.734375 0.0151367 0.0107422 0.0284882
1 0.463501 0.448242 0.0134277 0.0166016 0.0280151
1 0.311279 0.734375 0.0151367 0.0107422 0.0272522
2 0.636719 0.14978 0.0107422 0.00927734 0.0270081
1 0.563477 0.205444 0.00976562 0.0100098 0.0269623
2 0.742676 0.554199 0.0117188 0.0117188 0.0269318
1 0.308594 0.323242 0.046875 0.0478516 0.0265045
2 0.861816 0.0374603 0.0136719 0.0174866 0.0241699
0 0.576172 0.189575 0.00878906 0.00976562 0.0236206
1 0.0413208 0.0359497 0.0209961 0.0249023 0.0226593
1 0.91748 0.497559 0.0146484 0.0263672 0.0222931
1 0.341309 0.740723 0.0273438 0.03125 0.0222015
0 0.342285 0.759277 0.0239258 0.0263672 0.0216675
2 0.480957 0.0861206 0.0146484 0.0141602 0.0212555
0 0.199097 0.566406 0.0131836 0.0332031 0.0210876
0 0.63916 0.106812 0.0175781 0.0163574 0.0207214
0 0.492188 0.417236 0.0146484 0.0180664 0.0198669
1 0.35498 0.725586 0.0161133 0.0185547 0.0197754
0 0.611328 0.172852 0.0117188 0.0141602 0.0197449
1 0.00750732 0.207397 0.0115356 0.0163574 0.0191803
1 0.890137 0.208862 0.0126953 0.0141602 0.0183411
0 0.84375 0.210571 0.0146484 0.0161133 0.0181274
1 0.990234 0.985352 0.0195312 0.0292969 0.0180664
2 0.00541687 0.151123 0.0108337 0.0146484 0.0175323
0 0.362305 0.757324 0.00976562 0.0166016 0.0170441
0 0.647949 0.0906677 0.0175781 0.0200806 0.0168915
0 0.356445 0.748047 0.0214844 0.0292969 0.0167236
0 0.90625 0.0370636 0.0107422 0.0159607 0.0159149
1 0.552734 0.181519 0.00976562 0.0239258 0.0156708
1 0.804199 0.336426 0.0126953 0.015625 0.0156403
1 0.338623 0.73877 0.0234375 0.0244141 0.0154419
2 0.570801 0.239502 0.0107422 0.0112305 0.0153961
0 0.194458 0.593262 0.00805664 0.0195312 0.0152206
1 0.336426 0.641602 0.0302734 0.0361328 0.0151825
2 0.916992 0.497559 0.0136719 0.0263672 0.0151367
0 0.35498 0.725586 0.0161133 0.0185547 0.0149307
0 0.203491 0.546875 0.0170898 0.0273438 0.0149231
2 0.0236816 0.137695 0.0161133 0.0227051 0.0148773
0 0.43457 0.499512 0.0292969 0.0400391 0.0147781
2 0.34082 0.705078 0.0131836 0.0166016 0.0145569
0 0.442871 0.486816 0.0219727 0.0292969 0.0142288
2 0.803711 0.333984 0.0117188 0.00976562 0.0138779
2 0.227722 0.499023 0.019165 0.0283203 0.013382
1 0.0100098 0.140747 0.0170288 0.0224609 0.0130768
1 0.630859 0.10437 0.0205078 0.0187988 0.0130386
0 0.357422 0.757324 0.0161133 0.0166016 0.0127106
2 0.174683 0.993164 0.0180664 0.0136719 0.0126724
0 0.327637 0.385498 0.0209961 0.0195312 0.0121918
2 0.0088501 0.211548 0.0146484 0.020752 0.0120773
0 0.427246 0.507812 0.0175781 0.0263672 0.0118713
1 0.348145 0.742676 0.0283203 0.03125 0.0118484
0 0.804199 0.336426 0.0126953 0.015625 0.0116882
0 0.85498 0.21698 0.0107422 0.0098877 0.0114746
1 0.335693 0.706055 0.0200195 0.0205078 0.0110855
0 0.00527954 0.151367 0.0102539 0.0151367 0.0110703
0 0.480957 0.391846 0.0126953 0.0170898 0.0106506
1 0.343994 0.372559 0.0297852 0.0449219 0.0101547
