0 0.0196533 0.26709 0.0393066 0.0419922 0.664062
0 0.55127 0.9729 0.0175781 0.0268555 0.48291
2 0.784668 0.3479 0.0146484 0.0161133 0.440674
0 0.00762939 0.276367 0.0151367 0.0229492 0.338867
0 0.012207 0.26709 0.0230713 0.0410156 0.223755
0 0.0294647 0.258057 0.0206604 0.019043 0.197266
1 0.55127 0.972656 0.0175781 0.0273438 0.0764771
2 0.766602 0.0110474 0.0205078 0.0195312 0.0579834
1 0.78418 0.3479 0.0146484 0.015625 0.0330811
0 0.00506592 0.252441 0.0100708 0.0195312 0.0238647
1 0.0295563 0.258057 0.0210876 0.019043 0.022522
0 0.00756836 0.263916 0.0144653 0.0395508 0.0202332
2 0.900391 0.500977 0.0224609 0.0546875 0.0116882
1 0.0196228 0.266846 0.0392456 0.0419922 0.0104065
