1 0.177979 0.39624 0.0395508 0.0390625 0.937012
1 0.114258 0.202759 0.0356445 0.0317383 0.925781
2 0.585449 0.294922 0.0263672 0.0366211 0.893555
2 0.179321 0.20752 0.0288086 0.0197754 0.884277
2 0.137451 0.993164 0.0302734 0.0136719 0.868652
1 0.598633 0.229004 0.0302734 0.0175781 0.817383
0 0.42749 0.00634766 0.0356445 0.0125732 0.816895
2 0.646484 0.312012 0.0224609 0.0273438 0.79541
1 0.63916 0.204407 0.0400391 0.0394287 0.784668
1 0.518555 0.0704346 0.0429688 0.041748 0.728516
1 0.642578 0.0681152 0.0322266 0.0412598 0.718262
2 0.14856 0.211426 0.0334473 0.0253906 0.702148
1 0.949707 0.536133 0.0224609 0.0234375 0.663574
2 0.642578 0.0681152 0.0322266 0.0413818 0.655762
0 0.518555 0.0705566 0.0429688 0.0412598 0.595703
2 0.670898 0.0273743 0.0175781 0.0298462 0.566895
1 0.501953 0.0168457 0.0166016 0.0244141 0.556152
2 0.904297 0.612793 0.0126953 0.0136719 0.37915
1 0.915527 0.571777 0.0244141 0.0107422 0.369873
1 0.165894 0.171997 0.0183105 0.015625 0.307617
1 0.148315 0.210999 0.0336914 0.0252686 0.307617
2 0.833984 0.606445 0.015625 0.0175781 0.252441
1 0.943848 0.554199 0.0117188 0.0126953 0.212524
2 0.100098 0.161255 0.012207 0.0163574 0.200928
1 0.67041 0.0276031 0.0175781 0.0295105 0.198364
2 0.639648 0.204651 0.0400391 0.0389404 0.195801
2 0.822266 0.595215 0.0146484 0.0146484 0.185425
2 0.931641 0.90625 0.0146484 0.0253906 0.159668
2 0.598633 0.229004 0.0292969 0.0170898 0.137451
2 0.165894 0.172363 0.0183105 0.0153809 0.129272
1 0.81543 0.571289 0.00878906 0.0185547 0.11908
1 0.427246 0.00637817 0.0361328 0.0123901 0.117126
1 0.179688 0.20752 0.0285645 0.0202637 0.115173
0 0.501953 0.016449 0.0166016 0.0244751 0.0893555
1 0.833496 0.605957 0.015625 0.0175781 0.0758057
0 0.445068 0.558105 0.0395508 0.0263672 0.0748291
2 0.82959 0.604004 0.0224609 0.0234375 0.0669556
1 0.831055 0.603027 0.0224609 0.0234375 0.0400085
2 0.185791 0.373535 0.0202637 0.0185547 0.0383301
1 0.822266 0.594238 0.015625 0.0146484 0.0329895
2 0.557617 0.608398 0.0146484 0.0205078 0.0311279
2 0.949707 0.536133 0.0214844 0.0224609 0.0310059
1 0.16394 0.170044 0.0231934 0.0197754 0.0307465
2 0.943848 0.554199 0.0117188 0.0126953 0.0303345
2 0.153564 0.154663 0.0148926 0.0183105 0.0284882
2 0.114014 0.202393 0.0356445 0.0314941 0.0283508
2 0.915039 0.571777 0.0244141 0.0117188 0.0252686
1 0.938477 0.541992 0.0107422 0.0146484 0.0204163
2 0.343994 0.0331421 0.0112305 0.0098877 0.0170746
0 0.177734 0.395996 0.0390625 0.0390625 0.0160828
1 0.943848 0.539062 0.0166016 0.0205078 0.0152664
2 0.00546265 0.351318 0.0108643 0.0175781 0.0145493
0 0.950195 0.535645 0.0214844 0.0224609 0.0140228
1 0.1604 0.163086 0.0322266 0.0334473 0.0138626
0 0.943848 0.554199 0.0107422 0.0117188 0.0134354
2 0.102295 0.207153 0.0126953 0.0209961 0.0118027
2 0.938477 0.541992 0.0107422 0.0146484 0.0115891
2 0.104126 0.212341 0.017334 0.0137939 0.0115814
1 0.646484 0.312012 0.0224609 0.0273438 0.011116
0 0.165894 0.172363 0.0183105 0.0153809 0.0110168
1 0.10022 0.161377 0.0126953 0.0163574 0.0108109
2 0.587891 0.425537 0.0117188 0.0136719 0.0107269
1 0.2052 0.828613 0.0212402 0.0253906 0.0104218
