0 0.84082 0.646484 0.0380859 0.0390625 0.928711
1 0.029541 0.870605 0.0408936 0.0410156 0.864746
0 0.600098 0.328125 0.0322266 0.034668 0.84668
1 0.0108643 0.849609 0.0217285 0.0332031 0.841797
0 0.0637817 0.850098 0.041626 0.0449219 0.793457
0 0.910156 0.72168 0.0625 0.0673828 0.75293
0 0.987305 0.509766 0.0214844 0.0224609 0.750488
1 0.944824 0.730469 0.0341797 0.0595703 0.632324
1 0.0634155 0.850098 0.0411377 0.0439453 0.586426
0 0.0252075 0.512695 0.0305176 0.0146484 0.58252
0 0.944336 0.666992 0.0380859 0.0322266 0.557617
0 0.0169678 0.530762 0.0244141 0.0205078 0.512695
0 0.00563049 0.519043 0.011261 0.0244141 0.485352
1 0.910156 0.722168 0.0625 0.0673828 0.343994
2 0.530273 0.126465 0.0166016 0.0214844 0.334229
2 0.976562 0.639648 0.03125 0.0410156 0.269287
1 0.947754 0.66748 0.0332031 0.0322266 0.251953
1 0.0243988 0.512695 0.0307922 0.015625 0.244263
0 0.0157471 0.526367 0.026062 0.0273438 0.234131
0 0.00500488 0.538086 0.00958252 0.0166016 0.223999
0 0.00473022 0.541992 0.00866699 0.015625 0.202515
0 0.0295715 0.870605 0.0405884 0.0419922 0.19458
0 0.0204926 0.513672 0.0224915 0.015625 0.17627
1 0.00579834 0.518066 0.0115967 0.0234375 0.174316
0 0.103271 0.575195 0.0183105 0.0332031 0.136963
1 0.00717163 0.520996 0.0143433 0.0273438 0.0741577
0 0.623535 0.340088 0.0244141 0.0112305 0.072998
1 0.501953 0.112183 0.0166016 0.0231934 0.0597229
2 0.162354 0.969727 0.026123 0.0195312 0.0519104
0 0.10498 0.571777 0.013916 0.0244141 0.0516357
0 0.945312 0.729004 0.0351562 0.0585938 0.0449524
0 0.00970459 0.516113 0.0161133 0.0185547 0.0385742
1 0.0166931 0.530762 0.0249634 0.0224609 0.0377502
0 0.0117493 0.851562 0.0234985 0.0361328 0.0363159
2 0.501953 0.112305 0.0166016 0.0231934 0.0359192
1 0.939941 0.697754 0.0263672 0.0185547 0.033905
0 0.939941 0.697754 0.0263672 0.0185547 0.0336304
2 0.133545 0.954102 0.0117188 0.0185547 0.0261841
1 0.0153809 0.524902 0.0257568 0.0322266 0.0235596
1 0.0101624 0.516113 0.0163574 0.0185547 0.0230408
1 0.84082 0.646484 0.0390625 0.0390625 0.0228119
0 0.612305 0.338623 0.015625 0.0131836 0.0200806
1 0.580078 0.369873 0.00878906 0.0141602 0.0192719
2 0.598145 0.992188 0.0214844 0.0136719 0.0187225
1 0.530273 0.126343 0.0166016 0.0214844 0.017807
0 0.976318 0.639648 0.0317383 0.0419922 0.0168915
0 0.0220642 0.527344 0.0182495 0.015625 0.0167389
0 0.956055 0.66748 0.0410156 0.0332031 0.0163269
0 0.926758 0.669922 0.0117188 0.0205078 0.0158081
0 0.101959 0.580566 0.0192261 0.0253906 0.0147324
1 0.956055 0.66748 0.0410156 0.0332031 0.0147095
1 0.987305 0.509766 0.0214844 0.0224609 0.0137405
0 0.00836182 0.540527 0.0167236 0.0175781 0.0133591
1 0.992188 0.373047 0.015625 0.0214844 0.0133209
2 0.0110168 0.849121 0.0220337 0.0322266 0.0132141
0 0.00445557 0.544922 0.00836182 0.015625 0.0129471
0 0.955078 0.666016 0.0244141 0.0283203 0.012207
0 0.592285 0.339844 0.015625 0.0161133 0.0121613
1 0.162231 0.969727 0.026123 0.0195312 0.0120087
1 0.00427246 0.519043 0.00854492 0.0253906 0.0119476
1 0.932617 0.723145 0.0439453 0.0683594 0.0114975
2 0.945801 0.928711 0.0263672 0.0244141 0.011322
0 0.608887 0.337646 0.0146484 0.0141602 0.0109253
0 0.0055542 0.535156 0.0111084 0.0273438 0.0108185
1 0.919922 0.716309 0.0576172 0.0585938 0.010788
0 0.582031 0.451416 0.0439453 0.0302734 0.010643
1 0.623535 0.340088 0.0244141 0.0112305 0.0101471
