1 0.0837708 0.974609 0.059021 0.0507812 0.97998
1 0.0651245 0.946777 0.0584717 0.0576172 0.979492
1 0.036499 0.917969 0.0594482 0.0585938 0.95459
1 0.107422 0.915039 0.0515137 0.0585938 0.82373
2 0.0429688 0.979492 0.0275879 0.03125 0.767578
1 0.0432739 0.979492 0.0283203 0.03125 0.437256
1 0.11264 0.937988 0.0420532 0.0146484 0.423828
2 0.108185 0.915039 0.0516968 0.0595703 0.270996
2 0.11264 0.937988 0.0420532 0.0146484 0.0286713
1 0.110504 0.920898 0.0475464 0.0380859 0.016571
0 0.11264 0.937988 0.0420532 0.0146484 0.0155792
1 0.0906677 0.908203 0.0178833 0.0419922 0.0152054
0 0.036377 0.917969 0.0584717 0.0576172 0.0131607
2 0.036499 0.917969 0.0594482 0.0585938 0.0125504
2 0.0845642 0.974609 0.0593872 0.0507812 0.0105209
