0 0.415283 0.332031 0.0737305 0.0727539 0.908691
0 0.41748 0.407959 0.0600586 0.0683594 0.882812
0 0.429199 0.25708 0.074707 0.0727539 0.881836
0 0.755371 0.342041 0.0537109 0.0737305 0.857422
0 0.42041 0.510254 0.0678711 0.0761719 0.820801
0 0.457153 0.496094 0.0710449 0.0693359 0.816895
0 0.362061 0.436401 0.0541992 0.0666504 0.80127
0 0.786621 0.282715 0.0371094 0.0483398 0.751465
0 0.589844 0.353027 0.0322266 0.0732422 0.671387
0 0.601562 0.257812 0.0273438 0.0566406 0.669434
0 0.192505 0.529785 0.0671387 0.0800781 0.623535
1 0.192688 0.529785 0.067749 0.078125 0.617676
0 0.595215 0.424072 0.0205078 0.0649414 0.498779
0 0.452637 0.392578 0.0234375 0.0556641 0.481934
0 0.773926 0.44043 0.0185547 0.0288086 0.477783
0 0.861816 0.332275 0.0341797 0.109863 0.39624
0 0.794922 0.124268 0.0371094 0.0202637 0.359863
0 0.171631 0.466064 0.0322266 0.0415039 0.290283
0 0.796387 0.120361 0.0410156 0.029541 0.248535
0 0.425537 0.438477 0.0483398 0.0488281 0.171631
2 0.977539 0.0544434 0.0449219 0.0493164 0.169556
1 0.602051 0.25708 0.0273438 0.0541992 0.117859
1 0.86377 0.329102 0.0361328 0.100586 0.0982666
1 0.428467 0.25708 0.0751953 0.0727539 0.0974121
1 0.786621 0.282715 0.0371094 0.0478516 0.0955811
1 0.773926 0.44043 0.0185547 0.0288086 0.0946655
0 0.794434 0.114624 0.0429688 0.0419922 0.0774536
0 0.168945 0.473145 0.0400391 0.0488281 0.0701294
0 0.0515137 0.59375 0.0200195 0.0195312 0.0692749
1 0.794922 0.124512 0.0361328 0.0195312 0.0574036
1 0.452881 0.392822 0.0234375 0.0551758 0.0527954
1 0.415283 0.331543 0.0737305 0.0717773 0.0455322
0 0.422607 0.450439 0.0366211 0.0268555 0.0420837
1 0.755371 0.341309 0.0517578 0.0737305 0.0349121
0 0.772949 0.266846 0.0175781 0.0292969 0.0345154
0 0.600098 0.275635 0.0273438 0.0683594 0.030777
0 0.1604 0.481445 0.0266113 0.0351562 0.0296173
1 0.977539 0.0548096 0.0449219 0.0498047 0.0278625
1 0.601562 0.266357 0.0253906 0.0449219 0.0268707
0 0.864258 0.320312 0.0351562 0.078125 0.0266876
0 0.594727 0.412842 0.0205078 0.0483398 0.0260162
1 0.595215 0.422607 0.0205078 0.0639648 0.0249481
1 0.41748 0.407227 0.0585938 0.0678711 0.0214844
0 0.814453 0.324707 0.129883 0.136719 0.0202026
2 0.611328 0.105591 0.0458984 0.0441895 0.0175323
0 0.859375 0.363037 0.0253906 0.0415039 0.0166016
1 0.361328 0.436157 0.0541992 0.0661621 0.0158081
1 0.171509 0.466187 0.0324707 0.0422363 0.0156021
0 0.433472 0.501343 0.0881348 0.0783691 0.0154572
0 0.858887 0.344971 0.0283203 0.0791016 0.0153809
1 0.796387 0.120361 0.0410156 0.029541 0.0143738
2 0.938477 0.509766 0.0380859 0.0449219 0.0141144
1 0.422607 0.450439 0.0366211 0.0268555 0.0137787
1 0.453003 0.49646 0.0793457 0.0686035 0.0131149
1 0.772461 0.266357 0.0175781 0.0292969 0.0130768
0 0.171997 0.480469 0.0400391 0.0429688 0.0129547
