2 0.438477 0.26123 0.0283203 0.0458984 0.775391
2 0.412109 0.290771 0.0209961 0.0307617 0.737305
1 0.512695 0.201233 0.0185547 0.0438232 0.603516
0 0.512207 0.201172 0.0185547 0.0449219 0.319824
2 0.392334 0.323975 0.0131836 0.0234375 0.120422
1 0.412109 0.291016 0.0209961 0.0307617 0.0453491
1 0.39209 0.323486 0.0141602 0.0229492 0.0416565
0 0.130615 0.319336 0.0212402 0.0341797 0.0237732
2 0.122314 0.114746 0.0178223 0.0202637 0.0201263
1 0.275635 0.269775 0.0200195 0.0107422 0.015007
1 0.438477 0.26123 0.0288086 0.0458984 0.0118637
2 0.4375 0.275879 0.0244141 0.0166016 0.0117798
