2 0.455566 0.0394897 0.0234375 0.0322266 0.829102
2 0.465332 0.0614014 0.0234375 0.026001 0.780762
2 0.652832 0.38623 0.015625 0.0151367 0.241211
2 0.470581 0.0525513 0.0158691 0.0194092 0.102478
2 0.753418 0.416016 0.015625 0.0151367 0.0663452
2 0.0232849 0.783203 0.0139771 0.015625 0.0413513
2 0.649414 0.38623 0.0234375 0.0161133 0.0411072
1 0.652832 0.385986 0.015625 0.0151367 0.0374146
1 0.649414 0.38623 0.0234375 0.0161133 0.0334778
2 0.474609 0.0475464 0.0175781 0.0216064 0.0302582
1 0.455566 0.0393677 0.0239258 0.0333252 0.0254669
2 0.666504 0.385742 0.0175781 0.0200195 0.0192261
2 0.0809326 0.184204 0.010498 0.0134277 0.0184174
2 0.466797 0.0571289 0.0214844 0.0231934 0.0175781
1 0.465088 0.0615845 0.0239258 0.0266113 0.0174103
2 0.665039 0.328613 0.0292969 0.0229492 0.0133514
2 0.0670166 0.401123 0.0279541 0.0380859 0.0130157
1 0.635742 0.387451 0.0185547 0.0136719 0.0125809
2 0.665527 0.389893 0.015625 0.0117188 0.0109177
2 0.820801 0.801758 0.0166016 0.0166016 0.0102234
