0 0.942627 0.728027 0.065918 0.0419922 0.908203
0 0.0529175 0.885254 0.0338135 0.0302734 0.876465
0 0.0531006 0.535645 0.020752 0.0185547 0.817383
0 0.987305 0.768066 0.0253906 0.0478516 0.669434
0 0.0789795 0.555664 0.0236816 0.0224609 0.660645
1 0.987305 0.769043 0.0253906 0.0478516 0.108276
0 0.0892029 0.0157471 0.00933838 0.0127563 0.107666
1 0.942383 0.728516 0.0664062 0.0410156 0.0874023
0 0.0291748 0.96582 0.013916 0.0175781 0.0401611
1 0.0528564 0.885254 0.0340576 0.0302734 0.0217133
0 0.809082 0.647461 0.0175781 0.0185547 0.0171967
1 0.0529175 0.535645 0.0213623 0.0185547 0.0157776
1 0.0788574 0.556152 0.0230713 0.0214844 0.0137939
0 0.935547 0.643555 0.0244141 0.0224609 0.0102234
