0 0.827637 0.993164 0.0166016 0.0136719 0.650391
2 0.212402 0.679688 0.0131836 0.0166016 0.224609
0 0.176758 0.864258 0.0270996 0.00976562 0.216431
2 0.22052 0.446533 0.0233154 0.0239258 0.0682373
0 0.820801 0.992188 0.0107422 0.0117188 0.0632935
1 0.930664 0.753418 0.0136719 0.0107422 0.0500488
0 0.195435 0.5625 0.0351562 0.0332031 0.0474243
0 0.175049 0.882812 0.0283203 0.0478516 0.0447693
2 0.13916 0.62793 0.0219727 0.0175781 0.0390625
0 0.831055 0.842285 0.00683594 0.00976562 0.0342712
2 0.930664 0.75293 0.0136719 0.0107422 0.029892
2 0.955078 0.76123 0.0126953 0.0136719 0.0279083
1 0.212341 0.679688 0.0133057 0.015625 0.0208435
1 0.827637 0.993164 0.0166016 0.0136719 0.0174408
1 0.17749 0.864258 0.0300293 0.00976562 0.0162354
2 0.131836 0.557129 0.0258789 0.0224609 0.0136261
0 0.823242 0.983398 0.0136719 0.0136719 0.0130005
2 0.930664 0.797852 0.0166016 0.0166016 0.0125427
0 0.19519 0.864746 0.0285645 0.0126953 0.0115814
0 0.212341 0.680176 0.0133057 0.0166016 0.0100174
