1 0.731445 0.831543 0.0771484 0.0693359 0.944824
1 0.0771179 0.365234 0.0889282 0.0717773 0.941406
1 0.413086 0.0339813 0.0947266 0.0675354 0.904297
2 0.756836 0.919434 0.0517578 0.0585938 0.899902
2 0.796875 0.904297 0.0576172 0.0595703 0.895508
2 0.295166 0.802246 0.0634766 0.0673828 0.879883
1 0.479004 0.371338 0.0722656 0.0737305 0.719238
2 0.833008 0.898438 0.0371094 0.0429688 0.61084
2 0.479004 0.371582 0.0722656 0.0722656 0.572754
1 0.0564575 0.36499 0.0461426 0.0678711 0.513184
2 0.900391 0.981201 0.0214844 0.0356445 0.412598
2 0.523926 0.984375 0.0478516 0.0292969 0.409424
1 0.899902 0.981445 0.0214844 0.0351562 0.320801
0 0.19043 0.990234 0.0219727 0.0195312 0.121399
1 0.29541 0.802734 0.0629883 0.0664062 0.10614
2 0.413574 0.0341187 0.0947266 0.0682373 0.10553
2 0.513672 0.984375 0.0263672 0.0273438 0.0855103
2 0.532227 0.989258 0.0341797 0.0214844 0.0839233
1 0.101562 0.381592 0.0358887 0.0356445 0.0686646
2 0.804688 0.536133 0.0263672 0.0234375 0.0613403
0 0.0564575 0.36499 0.0457764 0.0673828 0.0457458
1 0.190308 0.990234 0.0227051 0.0195312 0.0450745
2 0.535156 0.992188 0.0292969 0.015625 0.0383606
2 0.944336 0.863281 0.0380859 0.0273438 0.0332947
2 0.567383 0.00537109 0.0361328 0.010376 0.028656
1 0.756836 0.919434 0.0517578 0.0576172 0.0266418
2 0.106934 0.820312 0.03125 0.0244141 0.025589
0 0.730957 0.831055 0.078125 0.0693359 0.0243835
1 0.481812 0.338379 0.0412598 0.0141602 0.0228882
2 0.0587158 0.364258 0.0526123 0.0664062 0.0218353
2 0.0794067 0.364502 0.086792 0.0708008 0.0209351
2 0.103729 0.381592 0.0317993 0.034668 0.0174713
1 0.797363 0.904785 0.0576172 0.0595703 0.016037
2 0.491211 0.681641 0.0195312 0.0214844 0.0146866
2 0.541016 0.993652 0.0195312 0.0126953 0.0145264
2 0.19043 0.990234 0.0219727 0.0195312 0.0117645
