1 0.911133 0.601562 0.0166016 0.0224609 0.811035
1 0.86377 0.629883 0.0292969 0.0292969 0.791016
0 0.491211 0.0183105 0.015625 0.0194092 0.665039
0 0.439697 0.0457764 0.0180664 0.0157471 0.424316
1 0.839844 0.596191 0.0136719 0.0136719 0.297852
0 0.469238 0.0463867 0.0107422 0.0129395 0.140503
0 0.465576 0.0466309 0.0161133 0.0131836 0.139893
0 0.459961 0.0466309 0.0224609 0.0137939 0.0846558
1 0.439697 0.0450439 0.0185547 0.0172119 0.0510559
2 0.839844 0.596191 0.0136719 0.0136719 0.0464478
0 0.86377 0.630859 0.0292969 0.0283203 0.0279388
1 0.459961 0.0467529 0.0234375 0.0140381 0.0215607
0 0.794434 0.783691 0.0107422 0.0107422 0.0198822
2 0.194946 0.0753174 0.0229492 0.0217285 0.0190277
2 0.911133 0.601562 0.0166016 0.0224609 0.0188904
0 0.839844 0.596191 0.0136719 0.0136719 0.0141373
1 0.490234 0.0183716 0.015625 0.0195923 0.012886
0 0.911133 0.601562 0.0166016 0.0224609 0.0117035
1 0.442871 0.0458984 0.0268555 0.0161133 0.0102463
