0 0.495605 0.091156 0.0439453 0.0447388 0.92334
0 0.158203 0.916504 0.0366211 0.0537109 0.90625
0 0.311279 0.893555 0.0292969 0.0371094 0.895508
0 0.360107 0.518555 0.0327148 0.0292969 0.892578
0 0.211304 0.800293 0.0314941 0.0341797 0.882812
0 0.418457 0.111572 0.0439453 0.029541 0.875
0 0.487305 0.0569458 0.0341797 0.0369873 0.865723
0 0.369873 0.679688 0.0302734 0.0322266 0.842773
0 0.833984 0.989258 0.0283203 0.0195312 0.841797
0 0.501953 0.102051 0.0419922 0.043457 0.836426
0 0.870605 0.871094 0.0273438 0.03125 0.813477
0 0.0581665 0.907227 0.0301514 0.0244141 0.786133
0 0.370117 0.531738 0.0239258 0.0283203 0.782227
0 0.976562 0.667969 0.0136719 0.0283203 0.774414
0 0.960205 0.6875 0.0288086 0.0224609 0.748047
1 0.324463 0.58252 0.0263672 0.0205078 0.729004
0 0.177612 0.583496 0.0273438 0.0195312 0.724121
0 0.95166 0.674805 0.0175781 0.0214844 0.713379
0 0.938965 0.707031 0.0263672 0.0253906 0.692383
1 0.355225 0.570801 0.0166016 0.0332031 0.641113
0 0.311523 0.944336 0.0209961 0.0439453 0.62793
0 0.12915 0.861816 0.0146484 0.0263672 0.614746
0 0.0759277 0.851562 0.0449219 0.0205078 0.587402
1 0.980713 0.96582 0.0249023 0.0234375 0.578613
0 0.825195 0.973389 0.0214844 0.0200195 0.566406
0 0.21167 0.819336 0.0239258 0.015625 0.550293
0 0.983398 0.75 0.0195312 0.0136719 0.497559
0 0.875977 0.890137 0.0214844 0.0292969 0.471191
0 0.929688 0.700195 0.0195312 0.0195312 0.470215
0 0.921875 0.712402 0.0136719 0.0117188 0.457031
0 0.228516 0.801758 0.00878906 0.03125 0.453613
0 0.930176 0.830566 0.0175781 0.0390625 0.393555
0 0.355469 0.570312 0.0170898 0.0341797 0.356201
0 0.878906 0.827637 0.0166016 0.0205078 0.35498
1 0.878906 0.827637 0.0166016 0.0205078 0.309082
0 0.931641 0.824707 0.0166016 0.0273438 0.308838
1 0.0361176 0.818848 0.0157776 0.0214844 0.295898
0 0.227539 0.795898 0.00927734 0.0361328 0.276123
0 0.161133 0.589844 0.0512695 0.0332031 0.266357
0 0.13855 0.595703 0.00878906 0.0273438 0.241455
2 0.980713 0.96582 0.0249023 0.0234375 0.239502
0 0.823242 0.97583 0.0273438 0.0249023 0.237305
2 0.982422 0.989746 0.0175781 0.0205078 0.227417
1 0.0579834 0.907227 0.0303955 0.0244141 0.213989
0 0.928711 0.841309 0.0175781 0.0361328 0.190674
0 0.945801 0.703613 0.0292969 0.0273438 0.158203
0 0.411133 0.110352 0.0302734 0.0283203 0.151733
1 0.370117 0.531738 0.0249023 0.0273438 0.151733
0 0.816895 0.982422 0.0166016 0.015625 0.151367
0 0.935547 0.709473 0.0224609 0.0185547 0.151367
1 0.982422 0.989258 0.0175781 0.0214844 0.14978
0 0.927734 0.847656 0.0185547 0.0351562 0.133545
1 0.875 0.889648 0.0214844 0.0302734 0.110657
0 0.324219 0.58252 0.0263672 0.0205078 0.110168
0 0.366943 0.526367 0.0239258 0.0302734 0.102539
1 0.928223 0.847168 0.0185547 0.0351562 0.102234
0 0.875 0.882324 0.0253906 0.0429688 0.0875244
0 0.227295 0.789551 0.00878906 0.0234375 0.0847778
0 0.927246 0.705566 0.0234375 0.0214844 0.0819702
0 0.312012 0.92627 0.0214844 0.0244141 0.0769043
1 0.870117 0.870117 0.0283203 0.03125 0.0739136
0 0.828125 0.97168 0.0175781 0.015625 0.0730591
1 0.311523 0.944336 0.0209961 0.0439453 0.0709229
1 0.360352 0.518555 0.0341797 0.0283203 0.0695801
1 0.833496 0.989258 0.0292969 0.0214844 0.0591736
0 0.945312 0.706055 0.0175781 0.0253906 0.0533447
0 0.948242 0.702148 0.0136719 0.015625 0.0515442
0 0.102051 0.856445 0.0668945 0.0322266 0.040863
0 0.311523 0.950195 0.0180664 0.0332031 0.0397339
0 0.0593872 0.856934 0.0159912 0.0126953 0.0387878
0 0.955078 0.688965 0.0214844 0.0224609 0.0385132
0 0.227783 0.806152 0.0102539 0.0234375 0.0383606
1 0.311035 0.893066 0.0292969 0.0380859 0.0382996
1 0.486816 0.0566406 0.0341797 0.0375977 0.0379944
0 0.312744 0.935547 0.0195312 0.03125 0.0372314
1 0.493652 0.0887451 0.0419922 0.0410156 0.0357056
0 0.517578 0.0935364 0.0107422 0.0304565 0.0346375
2 0.0361328 0.818848 0.015625 0.0214844 0.0342712
0 0.949707 0.778809 0.00878906 0.015625 0.0304871
1 0.0784302 0.851562 0.0384521 0.0195312 0.0281372
2 0.156372 0.990234 0.026123 0.0195312 0.0280457
2 0.46936 0.541992 0.0310059 0.0253906 0.0280457
0 0.3125 0.92041 0.0219727 0.0175781 0.0273895
1 0.212036 0.819336 0.0236816 0.015625 0.0254822
1 0.929199 0.836426 0.0185547 0.046875 0.0233154
1 0.229492 0.804199 0.00830078 0.0263672 0.0209656
1 0.386475 0.473267 0.019043 0.0144043 0.0209045
1 0.158203 0.916992 0.0375977 0.0546875 0.0205994
1 0.501953 0.10376 0.0419922 0.0415039 0.0197754
1 0.369629 0.679688 0.0302734 0.0322266 0.0188904
0 0.511719 0.0980225 0.0214844 0.0393066 0.0182037
0 0.936035 0.809082 0.0117188 0.015625 0.0181274
0 0.930664 0.702637 0.0292969 0.0273438 0.0175323
0 0.557129 0.122192 0.00878906 0.00830078 0.017395
0 0.38623 0.473022 0.0185547 0.013916 0.0170898
2 0.459595 0.105347 0.0231934 0.0224609 0.0155945
0 0.824707 0.992188 0.0146484 0.0136719 0.0139008
1 0.418701 0.11145 0.0444336 0.0285645 0.0131683
2 0.324951 0.58252 0.0258789 0.0214844 0.0127563
1 0.930176 0.825684 0.0185547 0.0283203 0.0123825
1 0.366943 0.526367 0.0249023 0.03125 0.0119095
0 0.216125 0.817383 0.0213623 0.0166016 0.0117645
0 0.818848 0.984375 0.0195312 0.015625 0.011467
1 0.951172 0.674316 0.0166016 0.0205078 0.0103226
2 0.800293 0.991211 0.0185547 0.0136719 0.0102921
