0 0.224609 0.190125 0.0429688 0.069458 0.861328
0 0.898438 0.870605 0.0605469 0.0566406 0.78125
0 0.583984 0.985352 0.0332031 0.0273438 0.604004
1 0.583984 0.985352 0.0332031 0.0273438 0.524414
0 0.877441 0.915039 0.0292969 0.0341797 0.460205
0 0.837891 0.875 0.0566406 0.0449219 0.367432
0 0.850586 0.87793 0.0429688 0.0439453 0.256104
0 0.977295 0.769531 0.0454102 0.03125 0.254883
0 0.592773 0.961914 0.015625 0.0410156 0.248413
0 0.86084 0.880859 0.0263672 0.0390625 0.237061
1 0.457886 0.775879 0.0354004 0.046875 0.211914
0 0.977295 0.77832 0.043457 0.0146484 0.180542
1 0.224548 0.189514 0.0430908 0.0701904 0.121765
1 0.432129 0.794922 0.0244141 0.0400391 0.116455
1 0.592285 0.959961 0.015625 0.0410156 0.102783
0 0.832031 0.872559 0.0458984 0.0361328 0.0882568
0 0.975586 0.760742 0.0410156 0.0146484 0.0819092
1 0.83252 0.872559 0.0449219 0.0371094 0.0724487
2 0.458252 0.774902 0.034668 0.0458984 0.0684204
1 0.898438 0.870605 0.0605469 0.0566406 0.0681152
1 0.838379 0.875 0.0585938 0.0449219 0.0497131
0 0.81543 0.862793 0.0175781 0.0175781 0.0428162
0 0.865234 0.88623 0.0263672 0.0302734 0.0323792
1 0.46582 0.772949 0.0537109 0.0556641 0.0266571
1 0.850586 0.87793 0.0429688 0.0449219 0.0226898
1 0.876953 0.915527 0.0283203 0.0341797 0.0172882
0 0.907227 0.864258 0.0410156 0.0419922 0.0125504
1 0.859375 0.879395 0.0253906 0.0410156 0.0124969
2 0.465942 0.773438 0.0524902 0.0537109 0.0123672
0 0.59082 0.960205 0.0263672 0.0483398 0.0122147
0 0.896484 0.882812 0.0605469 0.0615234 0.0111008
0 0.878418 0.908203 0.0283203 0.0380859 0.0110855
0 0.59082 0.966797 0.0185547 0.0390625 0.0106888
