1 0.580566 0.927246 0.0429688 0.0371094 0.910645
1 0.0131683 0.253906 0.0263367 0.0668945 0.846191
1 0.654297 0.467407 0.0253906 0.0231934 0.804199
1 0.605469 0.94458 0.0566406 0.050293 0.719727
1 0.412109 0.0841064 0.0185547 0.0354004 0.705078
0 0.590332 0.425049 0.0205078 0.0166016 0.545898
1 0.597168 0.947754 0.0400391 0.0419922 0.263428
1 0.621582 0.945312 0.0283203 0.0488281 0.211304
1 0.363525 0.0228424 0.019043 0.01828 0.193237
2 0.198242 0.451904 0.0192871 0.0185547 0.169312
0 0.0127258 0.253906 0.0254517 0.0693359 0.152954
1 0.567383 0.900391 0.0351562 0.0205078 0.134521
2 0.603516 0.945801 0.0537109 0.0478516 0.0820312
0 0.347412 0.788574 0.0410156 0.0361328 0.0817871
0 0.412109 0.084198 0.0185547 0.034729 0.058075
1 0.588379 0.957764 0.0234375 0.0239258 0.0553284
2 0.597168 0.947754 0.0390625 0.0419922 0.0513611
0 0.363525 0.0228882 0.019043 0.0184326 0.0431519
2 0.530273 0.830078 0.0244141 0.0361328 0.0394287
1 0.592773 0.358154 0.0166016 0.0141602 0.036438
2 0.56543 0.509277 0.0107422 0.0107422 0.0357666
2 0.621094 0.946533 0.0283203 0.0463867 0.0308838
0 0.592773 0.358398 0.015625 0.0131836 0.0236969
2 0.588379 0.958008 0.0224609 0.0234375 0.0197906
1 0.586914 0.929688 0.03125 0.0380859 0.0196228
0 0.725098 0.200073 0.0126953 0.0107422 0.0176849
0 0.654297 0.467163 0.0253906 0.0227051 0.0176239
2 0.363525 0.0231323 0.019043 0.0184326 0.0142822
2 0.654785 0.467285 0.0253906 0.0234375 0.0135574
1 0.59082 0.425049 0.0214844 0.0170898 0.0127869
2 0.567383 0.900879 0.0322266 0.0195312 0.0124207
2 0.581055 0.927246 0.0429688 0.0371094 0.0121765
2 0.340088 0.26416 0.0263672 0.0175781 0.0119629
2 0.412354 0.0842896 0.0175781 0.0355225 0.0102615
