1 0.108521 0.262451 0.0192871 0.0166016 0.800293
1 0.0900879 0.27832 0.029541 0.0253906 0.450928
1 0.0986328 0.275391 0.015625 0.0180664 0.304443
0 0.0897217 0.278076 0.0302734 0.0249023 0.283203
0 0.0989685 0.275391 0.0149536 0.0175781 0.245361
0 0.929199 0.143066 0.0195312 0.0229492 0.0668335
0 0.107544 0.262695 0.0185547 0.0175781 0.0583801
0 0.0856018 0.280762 0.0202026 0.019043 0.0553894
1 0.0976257 0.278564 0.0178833 0.0229492 0.0498352
1 0.0856934 0.280762 0.0200195 0.0195312 0.0384521
0 0.0976257 0.278564 0.0178833 0.0229492 0.0384521
2 0.108521 0.262451 0.0192871 0.0170898 0.0329895
2 0.331543 0.515137 0.015625 0.0146484 0.0294495
2 0.372559 0.537109 0.0107422 0.0107422 0.0290527
2 0.0288849 0.0710449 0.0127869 0.0131836 0.0231628
0 0.29126 0.461182 0.0112305 0.0131836 0.0127029
1 0.331543 0.515137 0.015625 0.0146484 0.0112152
