1 0.739258 0.720215 0.0742188 0.0800781 0.931641
2 0.95166 0.851562 0.0634766 0.0761719 0.925781
2 0.768555 0.643555 0.0615234 0.0703125 0.896973
0 0.70166 0.777832 0.0449219 0.0195312 0.20459
1 0.768555 0.643066 0.0605469 0.0693359 0.110657
2 0.941406 0.799805 0.0234375 0.0390625 0.0528259
0 0.739746 0.720215 0.0751953 0.0810547 0.0318298
1 0.70166 0.777832 0.0449219 0.0195312 0.0237427
2 0.963379 0.288574 0.0185547 0.0151367 0.0167084
1 0.950439 0.853027 0.0620117 0.0742188 0.0148621
0 0.873535 0.374512 0.0224609 0.0244141 0.0142365
2 0.762207 0.587402 0.0332031 0.0458984 0.0136642
2 0.938965 0.805176 0.0263672 0.0380859 0.0133514
1 0.941406 0.799805 0.0234375 0.0390625 0.0127411
