0 0.661621 0.487671 0.0869141 0.0793457 0.962402
0 0.591797 0.525391 0.0742188 0.0585938 0.947266
0 0.651367 0.536133 0.0683594 0.0439453 0.777344
0 0.591309 0.471558 0.0664062 0.0725098 0.6875
0 0.649414 0.521973 0.0703125 0.0712891 0.404297
1 0.591797 0.47168 0.0644531 0.0732422 0.401855
1 0.651367 0.537598 0.0654297 0.0410156 0.0519104
2 0.214355 0.994141 0.0200195 0.00976562 0.0200653
1 0.661621 0.486816 0.0859375 0.0820312 0.0198822
2 0.351318 0.804199 0.0224609 0.0205078 0.01297
1 0.591797 0.525879 0.0732422 0.0595703 0.0123444
