0 0.868164 0.537109 0.0615234 0.0644531 0.897461
0 0.689453 0.854004 0.0429688 0.0537109 0.888184
0 0.608398 0.885254 0.0556641 0.0546875 0.855469
0 0.428467 0.208923 0.0405273 0.0894775 0.788086
0 0.709473 0.342041 0.0751953 0.0727539 0.777344
0 0.581543 0.239258 0.078125 0.0820312 0.754883
0 0.785156 0.48584 0.0537109 0.0654297 0.749512
0 0.625 0.835938 0.0556641 0.0644531 0.723633
0 0.620117 0.154663 0.0810547 0.079834 0.715332
0 0.51709 0.0672302 0.0986328 0.10675 0.649414
0 0.866211 0.132202 0.0439453 0.0473633 0.648438
0 0.65625 0.292969 0.0742188 0.0683594 0.616211
0 0.756836 0.407471 0.0595703 0.0449219 0.500488
0 0.69873 0.195007 0.0722656 0.0635986 0.448486
0 0.641602 0.334717 0.0703125 0.081543 0.438721
1 0.519043 0.019043 0.0585938 0.0380859 0.395508
0 0.681152 0.177124 0.0439453 0.0292969 0.389648
0 0.518555 0.0184021 0.0576172 0.0368042 0.38623
0 0.90918 0.202209 0.0439453 0.0526123 0.384277
0 0.80127 0.631836 0.0302734 0.03125 0.335449
1 0.620117 0.154175 0.0791016 0.0783691 0.327393
0 0.68457 0.182617 0.0527344 0.0412598 0.233154
0 0.589844 0.777344 0.0820312 0.0683594 0.18457
0 0.664551 0.264648 0.0644531 0.0512695 0.126709
1 0.59082 0.775879 0.0849609 0.0693359 0.120667
0 0.707031 0.208496 0.0507812 0.0361328 0.0981445
0 0.73291 0.397949 0.0605469 0.0458984 0.0961304
0 0.660645 0.21344 0.0791016 0.0950928 0.0773315
1 0.908691 0.202393 0.0439453 0.0532227 0.0722656
1 0.51709 0.0656281 0.0957031 0.10849 0.0719604
0 0.800781 0.62793 0.0322266 0.0488281 0.0709839
0 0.774902 0.495605 0.0322266 0.0488281 0.0690308
1 0.756836 0.407471 0.0595703 0.0449219 0.0674438
0 0.653809 0.280762 0.0673828 0.0449219 0.0584717
0 0.665039 0.236755 0.0878906 0.09729 0.0554199
0 0.824219 0.506836 0.107422 0.116211 0.0539856
1 0.65625 0.292969 0.0751953 0.0703125 0.0444641
1 0.708008 0.341797 0.0761719 0.0727539 0.0441895
0 0.673828 0.229492 0.118164 0.107422 0.0427246
1 0.689453 0.853516 0.0429688 0.0546875 0.0418701
1 0.679199 0.177002 0.0400391 0.029541 0.0392151
2 0.00776672 0.289062 0.0155334 0.0258789 0.0350037
1 0.868164 0.537109 0.0605469 0.0654297 0.0349121
1 0.581543 0.239258 0.078125 0.0825195 0.0346985
0 0.65918 0.253418 0.0527344 0.0429688 0.0336609
0 0.678711 0.267822 0.03125 0.0356445 0.0324402
2 0.0206909 0.298828 0.0189209 0.0234375 0.0273285
0 0.674805 0.208435 0.123047 0.0880127 0.025177
1 0.653809 0.280762 0.0673828 0.0449219 0.023056
0 0.694336 0.207947 0.0673828 0.0372314 0.0223389
2 0.0153046 0.381104 0.0306091 0.0366211 0.0222473
2 0.507812 0.330078 0.0400391 0.0375977 0.0216675
1 0.584473 0.287842 0.0771484 0.0336914 0.021286
0 0.69043 0.187622 0.0751953 0.059082 0.0206757
1 0.00799561 0.287598 0.0147095 0.0253906 0.0193329
1 0.865723 0.132812 0.0429688 0.0473633 0.018692
0 0.785645 0.47168 0.0488281 0.0390625 0.0172272
0 0.584961 0.287109 0.0683594 0.0356445 0.016861
1 0.0206299 0.298828 0.0193481 0.0234375 0.0166473
0 0.748535 0.399902 0.0722656 0.0507812 0.0166168
1 0.0152588 0.381104 0.0302124 0.0371094 0.0164185
2 0.42334 0.982422 0.0292969 0.0273438 0.0152435
0 0.074585 0.277588 0.0314941 0.0483398 0.0145416
0 0.654297 0.24585 0.0507812 0.0405273 0.0143661
0 0.582031 0.770996 0.110352 0.0908203 0.0142975
0 0.67627 0.394043 0.0429688 0.0429688 0.0142136
0 0.635742 0.800293 0.0371094 0.0283203 0.0141296
0 0.737305 0.394775 0.0449219 0.0415039 0.0136337
2 0.0112915 0.98291 0.022583 0.0341797 0.0129776
2 0.0281219 0.274902 0.0282288 0.0268555 0.0121002
1 0.0180664 0.352783 0.034668 0.0332031 0.0119095
1 0.0172119 0.370117 0.0344238 0.0625 0.0118027
0 0.656738 0.250488 0.0410156 0.0297852 0.0116577
2 0.055542 0.464233 0.0256348 0.0266113 0.0113907
1 0.428467 0.207825 0.0400391 0.0882568 0.0113831
0 0.260498 0.271973 0.0307617 0.0410156 0.0106049
0 0.674316 0.269531 0.0439453 0.0473633 0.0103989
0 0.907227 0.618652 0.0214844 0.0253906 0.0100479
1 0.0200806 0.248291 0.0401611 0.0585938 0.0100098
