0 0.552734 0.0310059 0.0839844 0.0620117 0.924316
0 0.688965 0.133423 0.0390625 0.0380859 0.870605
2 0.977539 0.239014 0.015625 0.0200195 0.0748291
2 0.0355225 0.439087 0.0671387 0.0769043 0.0464783
1 0.552246 0.0307312 0.0830078 0.0614624 0.0293884
0 0.631348 0.104736 0.0166016 0.0202637 0.0286102
1 0.0348511 0.438843 0.0665283 0.0734863 0.0280762
1 0.631348 0.104858 0.0175781 0.0202637 0.0273438
1 0.688965 0.133545 0.0390625 0.0375977 0.0240021
0 0.779297 0.198364 0.0371094 0.0090332 0.0215607
2 0.0185547 0.332031 0.0371094 0.0551758 0.0213623
2 0.25293 0.350586 0.0400391 0.0415039 0.0145035
