2 0.0446777 0.650391 0.0213623 0.0224609 0.878418
2 0.258545 0.317139 0.0195312 0.0253906 0.800293
2 0.291748 0.31543 0.0200195 0.0205078 0.645508
2 0.236816 0.398193 0.0131836 0.0209961 0.538086
0 0.875 0.682617 0.0136719 0.0214844 0.481445
2 0.120483 0.253906 0.0231934 0.0180664 0.396484
2 0.373779 0.16394 0.0229492 0.0202637 0.165283
2 0.0834961 0.00654602 0.0219727 0.013092 0.161255
1 0.0187073 0.578125 0.0186157 0.0214844 0.0354309
2 0.661133 0.867188 0.0136719 0.0146484 0.0208282
1 0.373779 0.164062 0.0229492 0.0202637 0.0173798
1 0.875 0.682617 0.0136719 0.0214844 0.0172577
2 0.817383 0.481323 0.0332031 0.0334473 0.0164032
0 0.230225 0.205933 0.0136719 0.0178223 0.0154114
2 0.0186462 0.578125 0.0181274 0.0214844 0.0145416
2 0.276611 0.2854 0.0219727 0.0146484 0.0132751
