0 0.603516 0.707031 0.0195312 0.0195312 0.559082
2 0.337891 0.475708 0.0209961 0.0280762 0.468018
2 0.307861 0.532227 0.0102539 0.015625 0.136353
1 0.603516 0.707031 0.0205078 0.0195312 0.0623779
0 0.886719 0.935059 0.0136719 0.0126953 0.0601501
2 0.35083 0.479004 0.0126953 0.0224609 0.0238647
1 0.541504 0.756836 0.0117188 0.0146484 0.0231018
2 0.61084 0.524902 0.0673828 0.0517578 0.0204315
1 0.308594 0.532715 0.00976562 0.015625 0.0191498
0 0.541504 0.756348 0.0107422 0.0136719 0.0174561
1 0.886719 0.935059 0.0136719 0.0126953 0.0156174
0 0.147217 0.890625 0.0131836 0.015625 0.0146561
2 0.305664 0.530762 0.0161133 0.0195312 0.0145874
2 0.336914 0.429199 0.0336914 0.0258789 0.0117264
2 0.603516 0.706543 0.0195312 0.0205078 0.0103073
