0 0.276123 0.366699 0.0488281 0.0478516 0.922363
0 0.323486 0.384521 0.0454102 0.050293 0.903809
0 0.0560913 0.449219 0.0394287 0.0366211 0.898926
0 0.321289 0.339844 0.0483398 0.0317383 0.891113
0 0.103882 0.366211 0.0480957 0.0458984 0.890625
0 0.0835571 0.392578 0.0460205 0.0444336 0.862305
0 0.0204468 0.388184 0.0408936 0.0498047 0.831055
0 0.0864258 0.451904 0.0395508 0.0463867 0.809082
0 0.144531 0.370117 0.0236816 0.0214844 0.102295
0 0.32373 0.403809 0.0361328 0.0131836 0.055481
1 0.321289 0.340332 0.0478516 0.0317383 0.0301971
1 0.32373 0.384521 0.0463867 0.050293 0.0274353
0 0.144287 0.370117 0.0349121 0.0244141 0.0227051
0 0.0529785 0.382812 0.02771 0.03125 0.02211
1 0.32373 0.403809 0.0361328 0.0131836 0.0190125
2 0.165405 0.368896 0.0256348 0.0209961 0.0182953
0 0.0159912 0.40332 0.0280762 0.0170898 0.0161591
1 0.276367 0.366699 0.0488281 0.046875 0.0131073
