1 0.0136719 0.210022 0.0233154 0.0218506 0.625488
1 0.223633 0.934082 0.0341797 0.0302734 0.589355
0 0.0144958 0.975586 0.0288696 0.0253906 0.498047
2 0.0136719 0.210022 0.0233765 0.0218506 0.37915
2 0.242432 0.746094 0.0175781 0.0195312 0.370605
2 0.224121 0.934082 0.0351562 0.0302734 0.335938
0 0.107178 0.464355 0.0356445 0.0322266 0.312744
1 0.424561 0.875488 0.0273438 0.0292969 0.288818
0 0.249756 0.939453 0.0234375 0.0302734 0.210693
2 0.424561 0.876465 0.0258789 0.0273438 0.116211
1 0.250732 0.94043 0.0263672 0.03125 0.0793457
0 0.00692749 0.0674438 0.013855 0.0280762 0.0667725
0 0.30542 0.724121 0.0141602 0.0146484 0.0563354
0 0.250977 0.935547 0.0229492 0.0195312 0.0478821
1 0.10791 0.464111 0.0371094 0.0307617 0.0382385
0 0.127808 0.402832 0.0131836 0.0131836 0.0364685
0 0.00683594 0.97168 0.0136719 0.0195312 0.0278625
0 0.034729 0.553711 0.0119629 0.0185547 0.0269928
1 0.0146332 0.975586 0.0292664 0.0253906 0.0257416
2 0.266113 0.728027 0.0107422 0.0146484 0.0234375
0 0.252441 0.929688 0.019043 0.0107422 0.0142593
1 0.250977 0.935547 0.0229492 0.0195312 0.0130768
0 0.424561 0.875488 0.0268555 0.0292969 0.0122681
1 0.252441 0.929688 0.019043 0.0107422 0.0114517
2 0.221497 0.763184 0.0101318 0.0136719 0.0101547
