0 0.541504 0.512695 0.0390625 0.0380859 0.911133
0 0.546387 0.46167 0.0429688 0.0385742 0.843262
0 0.28418 0.398438 0.0273438 0.0283203 0.838379
0 0.462036 0.252686 0.0349121 0.0327148 0.831543
0 0.445312 0.245605 0.0185547 0.0146484 0.408936
2 0.184326 0.0679932 0.0129395 0.0166016 0.364258
1 0.545898 0.461426 0.0419922 0.0380859 0.216553
2 0.708496 0.468262 0.015625 0.0117188 0.192749
2 0.947266 0.654785 0.015625 0.0126953 0.140503
1 0.184204 0.0678711 0.0126953 0.0163574 0.130371
2 0.736816 0.121948 0.0166016 0.0180664 0.104492
2 0.968018 0.645508 0.019043 0.0146484 0.098938
1 0.28418 0.398438 0.0283203 0.0283203 0.0684814
2 0.150391 0.570801 0.0258789 0.0263672 0.0314636
1 0.445312 0.24585 0.0185547 0.0146484 0.029953
2 0.241455 0.544922 0.0249023 0.0195312 0.0282745
1 0.708496 0.468262 0.015625 0.0117188 0.0276337
1 0.463135 0.252441 0.034668 0.0322266 0.0205078
1 0.541016 0.512695 0.0400391 0.0390625 0.0195923
2 0.8125 0.135986 0.0205078 0.0148926 0.0115814
