1 0.802246 0.0788879 0.0244141 0.0307007 0.630371
0 0.746582 0.0501709 0.0244141 0.0270996 0.464111
0 0.957031 0.538086 0.0214844 0.0195312 0.413086
2 0.802246 0.0786133 0.0244141 0.0301514 0.367432
0 0.972412 0.539551 0.0180664 0.0136719 0.321533
1 0.957031 0.538086 0.0224609 0.0195312 0.202637
0 0.710938 0.168213 0.0224609 0.0297852 0.144897
2 0.787598 0.0731812 0.0214844 0.0206299 0.113586
0 0.558105 0.584473 0.0175781 0.0166016 0.105957
1 0.746582 0.0499268 0.0253906 0.0269775 0.0978394
0 0.91748 0.118042 0.0136719 0.0170898 0.0895386
2 0.783203 0.0717163 0.0292969 0.0249023 0.0651245
0 0.964355 0.539062 0.0341797 0.0185547 0.053894
2 0.817383 0.0900879 0.0166016 0.0227051 0.0386353
1 0.783203 0.0717163 0.0292969 0.0249023 0.0380249
0 0.44165 0.252441 0.0166016 0.012207 0.0325317
2 0.604492 0.745605 0.0166016 0.0175781 0.0247192
0 0.614746 0.984375 0.0166016 0.0195312 0.0216064
1 0.408691 0.282959 0.0327148 0.0356445 0.0192413
0 0.712891 0.158203 0.0244141 0.0314941 0.0157166
1 0.91748 0.11792 0.0136719 0.0170898 0.0155029
2 0.956055 0.537598 0.0205078 0.0195312 0.0126419
1 0.558105 0.584473 0.0175781 0.0175781 0.0108261
