1 0.147339 0.64502 0.079834 0.078125 0.931641
1 0.217102 0.647949 0.0648193 0.0400391 0.902344
1 0.0848999 0.659668 0.0294189 0.0263672 0.161499
1 0.168213 0.651855 0.0385742 0.0556641 0.104614
1 0.294189 0.0430298 0.0288086 0.0634766 0.0753784
2 0.766602 0.54248 0.0351562 0.0351562 0.0690918
0 0.146606 0.645508 0.0803223 0.0810547 0.0417786
2 0.0852966 0.660156 0.0291138 0.0263672 0.0328064
0 0.216553 0.647461 0.0664062 0.0400391 0.0211487
1 0.12915 0.659668 0.0439453 0.0498047 0.0183563
0 0.168213 0.651855 0.0388184 0.0556641 0.0171661
2 0.217163 0.647949 0.0671387 0.0400391 0.0170441
2 0.916016 0.76416 0.0234375 0.03125 0.0151367
0 0.544922 0.756836 0.0107422 0.0117188 0.0125275
