2 0.281738 0.376953 0.0380859 0.043457 0.902832
2 0.441895 0.633789 0.046875 0.0498047 0.895996
1 0.101562 0.367432 0.0444336 0.0493164 0.88623
1 0.555664 0.79248 0.0458984 0.0419922 0.862305
2 0.941895 0.208435 0.0234375 0.0338135 0.825195
2 0.532227 0.674805 0.0458984 0.0400391 0.734375
0 0.977539 0.0281372 0.0449219 0.0319824 0.688477
1 0.532227 0.674805 0.0458984 0.0400391 0.668457
1 0.651367 0.828613 0.0556641 0.0595703 0.65332
1 0.598633 0.83252 0.0244141 0.046875 0.547363
1 0.977783 0.0280762 0.0444336 0.0323486 0.537109
0 0.651367 0.829102 0.0546875 0.0585938 0.483643
2 0.556152 0.792969 0.0458984 0.0419922 0.359863
1 0.600586 0.844727 0.0185547 0.0273438 0.278076
2 0.540039 0.793457 0.0146484 0.0390625 0.118469
1 0.49707 0.834961 0.0410156 0.0380859 0.0807495
2 0.875488 0.0120544 0.0205078 0.0239258 0.0704346
1 0.941895 0.208374 0.0244141 0.0339355 0.0448914
1 0.0827942 0.994141 0.0265503 0.00976562 0.0426636
1 0.441895 0.634277 0.046875 0.0498047 0.0311584
0 0.101837 0.36792 0.0443726 0.0498047 0.0307465
1 0.614746 0.831055 0.0585938 0.0527344 0.0268555
1 0.50293 0.833496 0.0273438 0.0332031 0.0256958
0 0.599609 0.836914 0.0214844 0.0410156 0.0244598
0 0.600586 0.844238 0.0195312 0.0283203 0.0226898
2 0.0838013 0.994141 0.0250244 0.00976562 0.0183868
2 0.49707 0.834961 0.0410156 0.0380859 0.0157776
1 0.281006 0.376465 0.0375977 0.0424805 0.0152206
2 0.496094 0.467041 0.0166016 0.0131836 0.0111237
2 0.50293 0.833496 0.0273438 0.0322266 0.0109863
2 0.993164 0.206726 0.0136719 0.0240479 0.0106735
1 0.619141 0.830078 0.0859375 0.0556641 0.0102463
