0 0.698242 0.933105 0.0214844 0.0185547 0.737793
0 0.716797 0.939453 0.0146484 0.0146484 0.725098
0 0.686035 0.942383 0.0136719 0.0146484 0.69873
0 0.690918 0.918945 0.0166016 0.0146484 0.649414
0 0.72168 0.914551 0.0166016 0.0146484 0.646973
0 0.786133 0.991211 0.0136719 0.015625 0.537109
0 0.698242 0.949707 0.0126953 0.0117188 0.533203
0 0.699219 0.938477 0.0175781 0.0136719 0.400146
0 0.73291 0.933105 0.00878906 0.0136719 0.370605
0 0.708008 0.949707 0.015625 0.0126953 0.281006
0 0.286865 0.876953 0.0112305 0.0107422 0.201294
1 0.769531 0.995117 0.015625 0.00976562 0.188599
1 0.982422 0.978516 0.0136719 0.0117188 0.186279
1 0.894531 0.988281 0.0107422 0.0175781 0.173462
1 0.926758 0.966309 0.0136719 0.0126953 0.168823
0 0.300049 0.880371 0.00976562 0.00976562 0.129639
0 0.696289 0.94873 0.0136719 0.0117188 0.127808
1 0.917969 0.947266 0.0136719 0.0117188 0.123474
0 0.712402 0.94873 0.0146484 0.0126953 0.0953369
0 0.927246 0.96582 0.0126953 0.0117188 0.0826416
0 0.703125 0.944824 0.0205078 0.015625 0.0774536
1 0.992188 0.988281 0.0136719 0.0117188 0.0701904
1 0.936035 0.956055 0.0107422 0.0107422 0.0652466
2 0.926758 0.966309 0.0136719 0.0126953 0.056366
1 0.69043 0.918945 0.0166016 0.0146484 0.0552063
0 0.917969 0.947266 0.0136719 0.0117188 0.0461121
0 0.769531 0.995117 0.015625 0.00976562 0.043335
2 0.769531 0.995117 0.015625 0.00976562 0.037262
2 0.894531 0.988281 0.0107422 0.0175781 0.0360718
0 0.983398 0.978516 0.0136719 0.0117188 0.0341187
1 0.786133 0.991211 0.0136719 0.015625 0.0308533
2 0.983398 0.978516 0.0136719 0.0117188 0.0285492
0 0.286621 0.890137 0.0126953 0.0117188 0.0276489
1 0.712402 0.94873 0.0146484 0.0126953 0.0260162
1 0.299561 0.880859 0.0107422 0.0107422 0.0221252
2 0.917969 0.947266 0.0136719 0.0117188 0.0218811
1 0.769531 0.994629 0.0205078 0.0107422 0.0202637
1 0.70752 0.949707 0.0146484 0.0117188 0.0178986
2 0.992188 0.988281 0.0136719 0.0117188 0.0176849
2 0.936523 0.956055 0.0117188 0.0107422 0.0174103
1 0.71582 0.939941 0.015625 0.0146484 0.0143814
0 0.782715 0.992188 0.0205078 0.0136719 0.0138321
2 0.269775 0.884277 0.0107422 0.0107422 0.013504
0 0.936035 0.956055 0.0107422 0.0107422 0.0114822
1 0.994141 0.986328 0.0117188 0.0117188 0.0103378
1 0.782715 0.992188 0.0205078 0.0136719 0.0103226
