1 0.34375 0.924805 0.0415039 0.0429688 0.893066
1 0.956299 0.0207825 0.0327148 0.0415649 0.806641
0 0.429321 0.209106 0.0993652 0.106201 0.749512
2 0.395508 0.960205 0.0229492 0.0229492 0.566895
1 0.428955 0.208862 0.0991211 0.107178 0.398193
0 0.688965 0.789062 0.0146484 0.0146484 0.381348
2 0.956055 0.0207825 0.0332031 0.0415649 0.250488
2 0.550781 0.847656 0.0146484 0.0234375 0.14856
2 0.34375 0.924805 0.0410156 0.0439453 0.119629
2 0.446533 0.886719 0.0249023 0.0263672 0.0441895
2 0.993164 0.243896 0.0117188 0.0273438 0.0270538
2 0.54834 0.84668 0.0214844 0.0263672 0.02388
1 0.282715 0.396484 0.0253906 0.0161133 0.0133743
