0 0.0453949 0.52832 0.0500793 0.0527344 0.904785
0 0.489258 0.970703 0.0810547 0.0566406 0.867676
0 0.0905151 0.535645 0.0450439 0.0449219 0.853027
0 0.111206 0.624512 0.0715332 0.0615234 0.848633
0 0.276367 0.711914 0.0556641 0.0439453 0.786621
0 0.282959 0.891113 0.0517578 0.0644531 0.722168
1 0.256836 0.874023 0.0249023 0.0527344 0.638672
0 0.0445709 0.675293 0.0270691 0.0566406 0.467773
0 0.0464478 0.683594 0.0234375 0.0400391 0.455811
0 0.443115 0.984375 0.0390625 0.03125 0.325195
0 0.256592 0.874512 0.0253906 0.0507812 0.232178
0 0.446655 0.981201 0.0490723 0.0375977 0.222534
1 0.282471 0.891602 0.0522461 0.0654297 0.160156
1 0.276367 0.711914 0.0556641 0.0439453 0.124451
0 0.0501099 0.72998 0.0158691 0.0595703 0.0668335
1 0.0900879 0.535645 0.0461426 0.0458984 0.0653076
0 0.441406 0.990234 0.0336914 0.0175781 0.05896
1 0.442383 0.988281 0.0366211 0.0234375 0.0575256
1 0.489258 0.970703 0.0810547 0.0566406 0.0532227
0 0.454834 0.986328 0.0483398 0.0253906 0.0428772
0 0.0358429 0.65625 0.0137634 0.0283203 0.0336609
1 0.442871 0.982178 0.0400391 0.0356445 0.0211029
1 0.11084 0.624023 0.0705566 0.0615234 0.0204163
0 0.0405273 0.66748 0.022583 0.0488281 0.018631
0 0.0476685 0.709961 0.022583 0.0820312 0.0166473
1 0.0452881 0.527832 0.0496826 0.0527344 0.0135422
0 0.45166 0.976074 0.0917969 0.0478516 0.0120621
0 0.0493164 0.720215 0.0178223 0.0566406 0.011322
0 0.0383301 0.65332 0.0169678 0.0263672 0.0110016
0 0.445557 0.989258 0.043457 0.0214844 0.0105896
