0 0.324463 0.115234 0.0668945 0.090332 0.95166
0 0.166626 0.0293579 0.0649414 0.0570068 0.944824
0 0.235352 0.0343628 0.0839844 0.0668945 0.922363
0 0.611328 0.833008 0.0751953 0.0878906 0.879883
0 0.216919 0.261963 0.076416 0.0571289 0.878906
0 0.56543 0.865234 0.0761719 0.0761719 0.870117
0 0.272705 0.182861 0.0942383 0.0795898 0.860352
0 0.249268 0.126709 0.0898438 0.0913086 0.857422
0 0.538086 0.931885 0.0722656 0.0854492 0.785156
0 0.2771 0.26001 0.0561523 0.0634766 0.757812
0 0.487305 0.874512 0.0576172 0.0751953 0.649902
1 0.271973 0.182922 0.0952148 0.0775146 0.594727
0 0.461426 0.942383 0.0703125 0.0664062 0.553223
1 0.46106 0.943359 0.0700684 0.0664062 0.493652
1 0.487793 0.875 0.0576172 0.0761719 0.398682
1 0.276855 0.259521 0.0561523 0.0629883 0.390869
0 0.180786 0.00811768 0.0393066 0.0157471 0.219116
1 0.249268 0.126007 0.0898438 0.0912476 0.181885
0 0.229736 0.0228271 0.0844727 0.0454102 0.14978
0 0.583496 0.79834 0.0654297 0.0537109 0.138062
1 0.583496 0.79834 0.0654297 0.0537109 0.118835
1 0.565918 0.865234 0.0761719 0.0751953 0.105225
1 0.538086 0.931885 0.0712891 0.0854492 0.0788574
0 0.159668 0.0204163 0.048584 0.0366821 0.04245
1 0.217041 0.261963 0.0771484 0.0576172 0.0417786
0 0.21637 0.0191498 0.0780029 0.037384 0.0393372
1 0.461304 0.791504 0.0158691 0.046875 0.0376282
0 0.580566 0.873047 0.0449219 0.0625 0.0361633
0 0.248047 0.262451 0.0258789 0.0415039 0.0341797
1 0.171997 0.260742 0.0375977 0.0532227 0.0328979
1 0.144409 0.265625 0.0793457 0.0708008 0.0287933
0 0.552734 0.916992 0.0449219 0.0546875 0.0259552
1 0.611328 0.833008 0.0742188 0.0878906 0.0247955
0 0.461426 0.791992 0.015625 0.0478516 0.0238037
1 0.572754 0.79541 0.0400391 0.0449219 0.022522
0 0.54834 0.925781 0.0507812 0.0732422 0.0210876
0 0.466187 0.875977 0.0148926 0.0664062 0.0194702
0 0.262939 0.162354 0.0698242 0.0605469 0.0190125
0 0.173462 0.00746155 0.0349121 0.0149231 0.0182037
1 0.580566 0.874512 0.0429688 0.0585938 0.0174713
0 0.548828 0.864258 0.0429688 0.0595703 0.0172882
1 0.324463 0.11499 0.0683594 0.0922852 0.0139465
0 0.546875 0.870605 0.0371094 0.0439453 0.0136719
1 0.466187 0.874512 0.0148926 0.0654297 0.013504
1 0.177124 0.00820923 0.0390625 0.0164185 0.0128021
0 0.248535 0.265625 0.0209961 0.0317383 0.0125351
0 0.17395 0.262207 0.0415039 0.0556641 0.0109024
