0 0.198547 0.62207 0.0550537 0.0517578 0.904297
0 0.104614 0.672852 0.0480957 0.0537109 0.89502
0 0.135864 0.638672 0.0478516 0.0478516 0.883789
0 0.134033 0.687988 0.0427246 0.0517578 0.882812
0 0.0936584 0.580078 0.0219116 0.0390625 0.657227
0 0.459229 0.985352 0.0483398 0.0273438 0.386963
1 0.0937195 0.580078 0.0220337 0.0390625 0.240845
1 0.459595 0.985352 0.0476074 0.0273438 0.232788
0 0.294678 0.702148 0.0253906 0.0185547 0.136475
1 0.198547 0.62207 0.0560303 0.0517578 0.0825806
1 0.135742 0.638672 0.0495605 0.0478516 0.0605774
0 0.142456 0.670898 0.0290527 0.0195312 0.0555115
1 0.375488 0.192505 0.0444336 0.0437012 0.0553284
0 0.123779 0.224854 0.0180664 0.0268555 0.0471497
2 0.375488 0.192627 0.0454102 0.0439453 0.0298615
1 0.294678 0.702148 0.0253906 0.0185547 0.0279236
0 0.25415 0.739746 0.0292969 0.03125 0.0263672
1 0.104889 0.672852 0.0480347 0.0537109 0.0241394
1 0.123413 0.225037 0.0175781 0.0264893 0.020462
1 0.987305 0.702148 0.0234375 0.0263672 0.0188446
2 0.158813 0.0822144 0.0578613 0.0628662 0.0168762
0 0.375977 0.192505 0.0458984 0.0427246 0.0141373
0 0.478516 0.985352 0.0644531 0.0292969 0.012207
0 0.990234 0.619141 0.0195312 0.03125 0.0111618
0 0.52832 0.0633545 0.0439453 0.0197754 0.0105667
