0 0.486328 0.480957 0.0341797 0.0371094 0.926758
0 0.444824 0.454224 0.0268555 0.0368652 0.901367
0 0.420166 0.450562 0.0371094 0.0373535 0.888184
0 0.464111 0.428955 0.0288086 0.0307617 0.882812
0 0.34668 0.456299 0.0395508 0.0415039 0.874023
0 0.453369 0.491699 0.0375977 0.0371094 0.873535
0 0.421143 0.484863 0.0341797 0.03125 0.812012
0 0.246094 0.44043 0.0244141 0.0205078 0.717285
0 0.467651 0.45813 0.0227051 0.0251465 0.709961
0 0.246094 0.421875 0.0205078 0.0297852 0.702637
0 0.961914 0.248047 0.0136719 0.012207 0.44043
0 0.218567 0.418457 0.0101318 0.0263672 0.323975
2 0.618652 0.487793 0.0136719 0.0146484 0.261963
0 0.237549 0.420166 0.0366211 0.0327148 0.232544
1 0.739258 0.00738525 0.015625 0.0147705 0.227295
1 0.385986 0.45459 0.0219727 0.0224609 0.214233
0 0.38623 0.454346 0.0214844 0.0219727 0.174683
1 0.618652 0.487793 0.0136719 0.0146484 0.156494
2 0.739258 0.00712585 0.0166016 0.0142517 0.145752
0 0.371582 0.467163 0.0136719 0.0236816 0.139404
0 0.501953 0.487793 0.00976562 0.0273438 0.126465
0 0.143433 0.0333099 0.0117188 0.0127258 0.122559
1 0.346436 0.455811 0.0405273 0.0415039 0.101135
1 0.464111 0.429199 0.0288086 0.03125 0.0941162
0 0.384277 0.462769 0.0288086 0.036377 0.0870972
1 0.384277 0.462769 0.0288086 0.036377 0.0814209
1 0.246826 0.440186 0.0253906 0.0214844 0.0783081
2 0.261475 0.426514 0.0185547 0.0175781 0.0779419
0 0.917969 0.307373 0.0205078 0.0126953 0.0767822
0 0.415771 0.467651 0.0307617 0.0158691 0.0754395
1 0.247314 0.419922 0.0185547 0.0268555 0.069458
1 0.993164 0.240234 0.0136719 0.0239258 0.0668945
1 0.261475 0.426514 0.0185547 0.0175781 0.0583496
0 0.216919 0.43457 0.0100098 0.0170898 0.055603
0 0.384277 0.456177 0.0258789 0.0280762 0.0473022
0 0.459473 0.502441 0.0195312 0.0146484 0.0445862
1 0.42041 0.450439 0.0375977 0.0375977 0.0393066
1 0.382324 0.472168 0.0214844 0.0205078 0.0386047
0 0.380859 0.472168 0.0219727 0.0224609 0.0383911
0 0.207642 0.41626 0.0124512 0.0234375 0.0352478
0 0.370605 0.462769 0.0131836 0.0236816 0.0298309
0 0.42041 0.473633 0.0332031 0.015625 0.0289917
0 0.242188 0.436768 0.0175781 0.0195312 0.0280914
2 0.745605 0.226074 0.0136719 0.0151367 0.0260773
0 0.219238 0.415039 0.00878906 0.0195312 0.0231018
2 0.632812 0.477539 0.0185547 0.015625 0.0218658
1 0.248047 0.424561 0.0205078 0.0273438 0.0209656
0 0.401123 0.465698 0.0166016 0.0187988 0.0208282
0 0.378906 0.46582 0.0258789 0.0292969 0.0206451
0 0.250977 0.414307 0.0112305 0.0151367 0.019516
0 0.461304 0.493164 0.020752 0.0332031 0.0181427
1 0.992676 0.233887 0.0146484 0.0361328 0.0180511
0 0.26123 0.426758 0.0253906 0.0249023 0.017334
0 0.261475 0.426514 0.0185547 0.0175781 0.0171204
0 0.368164 0.468872 0.0185547 0.0251465 0.0154343
1 0.420898 0.484253 0.0351562 0.0324707 0.0151825
2 0.386475 0.531738 0.015625 0.0126953 0.0145416
0 0.441406 0.486816 0.0185547 0.0273438 0.0139618
2 0.916992 0.825684 0.0185547 0.0253906 0.0139236
2 0.283447 0.137695 0.0209961 0.0217285 0.0118637
1 0.378906 0.466064 0.0258789 0.0307617 0.0115814
0 0.5 0.486816 0.0146484 0.0283203 0.011322
0 0.143799 0.0364227 0.0126953 0.01651 0.0109024
1 0.364502 0.442627 0.0141602 0.0131836 0.0107651
2 0.993164 0.233887 0.0136719 0.0366211 0.0106964
0 0.21698 0.438232 0.0098877 0.0126953 0.0104294
