0 0.458496 0.763672 0.0292969 0.0322266 0.640137
1 0.273682 0.717773 0.0463867 0.0507812 0.639648
0 0.819336 0.848633 0.0419922 0.0341797 0.535156
0 0.451416 0.762695 0.015625 0.0273438 0.319092
0 0.273438 0.717285 0.0463867 0.0517578 0.307861
0 0.811035 0.84082 0.0244141 0.0185547 0.212524
0 0.813477 0.847168 0.03125 0.0302734 0.211792
0 0.822754 0.85498 0.0380859 0.0214844 0.180908
2 0.869629 0.647461 0.0166016 0.015625 0.111877
1 0.813477 0.0772705 0.0136719 0.0141602 0.109009
2 0.813477 0.0772705 0.0136719 0.0137939 0.098877
0 0.449707 0.759766 0.0131836 0.0214844 0.0818481
2 0.82666 0.0837402 0.0126953 0.0131836 0.0811157
2 0.0254822 0.207886 0.0315552 0.0349121 0.0462952
0 0.807617 0.839844 0.0175781 0.015625 0.0341187
0 0.824219 0.85791 0.0322266 0.015625 0.0337219
1 0.82666 0.0838013 0.0136719 0.0135498 0.03302
1 0.458618 0.763672 0.0319824 0.0332031 0.0206604
2 0.145264 0.707031 0.0126953 0.0273438 0.0199738
2 0.555664 0.649414 0.0175781 0.0175781 0.0179596
0 0.813477 0.0778809 0.0126953 0.0153809 0.0158997
