1 0.324219 0.728516 0.0454102 0.0439453 0.935547
1 0.123535 0.720703 0.0395508 0.0410156 0.924316
1 0.312012 0.695312 0.0351562 0.0410156 0.855469
0 0.618652 0.862793 0.0302734 0.0380859 0.853516
0 0.348389 0.762695 0.0449219 0.0449219 0.838867
0 0.322021 0.655273 0.0375977 0.0439453 0.775391
2 0.101807 0.739258 0.0366211 0.0380859 0.697266
1 0.102173 0.739258 0.0378418 0.0390625 0.580078
0 0.326904 0.768555 0.0146484 0.0322266 0.51416
0 0.352051 0.717773 0.0185547 0.0361328 0.509766
0 0.366455 0.779297 0.0170898 0.0224609 0.496094
1 0.351318 0.717285 0.0200195 0.0361328 0.44873
0 0.822754 0.424561 0.0214844 0.0209961 0.407959
0 0.733398 0.313965 0.015625 0.0161133 0.361816
1 0.322021 0.655762 0.0375977 0.0439453 0.22937
1 0.348389 0.762695 0.0449219 0.0439453 0.178101
0 0.366211 0.773438 0.0185547 0.0341797 0.119751
1 0.326904 0.768066 0.0151367 0.0322266 0.115845
2 0.633789 0.268066 0.0175781 0.0175781 0.100098
2 0.617188 0.267578 0.015625 0.0141602 0.0602112
1 0.366455 0.779297 0.0175781 0.0224609 0.052124
2 0.311768 0.695312 0.0336914 0.0410156 0.0490112
0 0.32373 0.728516 0.0454102 0.0449219 0.0488892
0 0.328857 0.765137 0.0170898 0.0361328 0.0460205
0 0.928711 0.90625 0.0175781 0.0205078 0.0403137
0 0.94043 0.895996 0.0126953 0.0136719 0.0258942
1 0.618164 0.862793 0.0302734 0.0380859 0.0249176
2 0.137329 0.783203 0.0192871 0.0195312 0.023819
2 0.668457 0.175049 0.0205078 0.0168457 0.0205841
0 0.123047 0.720215 0.0405273 0.0419922 0.0183105
2 0.130127 0.783203 0.0317383 0.0224609 0.0163116
0 0.930176 0.90918 0.015625 0.015625 0.0152054
0 0.151733 0.0511475 0.0078125 0.012207 0.0114517
0 0.311768 0.695312 0.0351562 0.0410156 0.0105133
