0 0.362305 0.298584 0.0146484 0.0205078 0.745117
0 0.473755 0.0692139 0.0134277 0.0153809 0.740234
0 0.650879 0.267334 0.015625 0.0180664 0.723145
0 0.388428 0.312988 0.0146484 0.015625 0.720703
1 0.648438 0.314941 0.0136719 0.0151367 0.715332
1 0.402588 0.309814 0.0151367 0.015625 0.566406
0 0.373535 0.288818 0.0151367 0.0166016 0.526367
0 0.883301 0.122437 0.0175781 0.0185547 0.472168
0 0.970947 0.299805 0.0151367 0.0117188 0.429688
0 0.465332 0.0761719 0.0107422 0.0169678 0.421143
0 0.376221 0.315918 0.0136719 0.0146484 0.389648
0 0.473755 0.0338745 0.0124512 0.0125732 0.331299
0 0.64502 0.280762 0.0117188 0.0117188 0.331055
1 0.772949 0.036377 0.0126953 0.0129395 0.315918
1 0.765137 0.0247345 0.0136719 0.0152283 0.303223
1 0.883301 0.122559 0.0175781 0.0178223 0.293457
1 0.900879 0.513672 0.0136719 0.0136719 0.289307
0 0.375732 0.3125 0.0180664 0.0175781 0.247559
0 0.765137 0.0247192 0.0126953 0.0152588 0.236572
0 0.975342 0.46875 0.0297852 0.0166016 0.235596
0 0.884766 0.110352 0.0126953 0.0141602 0.215332
0 0.402588 0.309814 0.0151367 0.015625 0.199951
0 0.648438 0.314941 0.0136719 0.015625 0.149536
1 0.935059 0.303711 0.0136719 0.0131836 0.131958
1 0.92334 0.529297 0.0126953 0.0117188 0.12793
1 0.64502 0.280518 0.0126953 0.0126953 0.120544
1 0.388184 0.312256 0.0131836 0.0151367 0.105835
1 0.921387 0.302246 0.0146484 0.0141602 0.105103
1 0.970947 0.299316 0.0151367 0.012207 0.104187
0 0.93457 0.303711 0.0136719 0.0131836 0.101685
2 0.92334 0.529297 0.0136719 0.0126953 0.0840454
1 0.884766 0.110229 0.0136719 0.013916 0.0792236
0 0.200195 0.00500488 0.012207 0.00927734 0.078125
0 0.349609 0.287842 0.0146484 0.0117188 0.078064
2 0.403076 0.309814 0.0146484 0.0151367 0.0758057
0 0.921387 0.302246 0.0146484 0.0141602 0.0739136
1 0.208496 0.00918579 0.0141602 0.0125122 0.0709839
2 0.648438 0.314941 0.0136719 0.015625 0.0583496
2 0.900879 0.513672 0.0136719 0.0136719 0.0577698
2 0.773438 0.036499 0.0136719 0.0130615 0.0570679
0 0.203979 0.00778198 0.0178223 0.0127563 0.051239
2 0.928711 0.17981 0.0136719 0.0124512 0.0446472
1 0.650879 0.267578 0.0166016 0.0185547 0.043396
0 0.208496 0.00918579 0.0141602 0.0125122 0.0414124
0 0.8125 0.346191 0.0136719 0.0117188 0.0397949
0 0.882812 0.117432 0.0166016 0.0187988 0.0382385
2 0.765625 0.0240784 0.0117188 0.0144653 0.036438
2 0.95166 0.22168 0.0136719 0.0146484 0.0362854
0 0.900879 0.513672 0.0136719 0.0136719 0.0349121
0 0.754883 0.0273285 0.00976562 0.011261 0.0322571
0 0.376953 0.318359 0.0126953 0.0107422 0.0310211
2 0.93457 0.303711 0.0136719 0.0131836 0.029541
1 0.754883 0.0273285 0.00976562 0.011261 0.0285034
0 0.375488 0.310303 0.0200195 0.0263672 0.0271759
2 0.970947 0.299561 0.0151367 0.012207 0.0253754
1 0.203979 0.00778198 0.0178223 0.0127563 0.0240936
2 0.311768 0.422363 0.0175781 0.0219727 0.0238953
0 0.465698 0.0728149 0.0109863 0.0162354 0.0216522
0 0.375244 0.304199 0.0175781 0.0136719 0.0209045
0 0.36499 0.298828 0.0209961 0.0244141 0.0193634
0 0.458008 0.0610962 0.00927734 0.0113525 0.0190277
0 0.772949 0.036377 0.0126953 0.0129395 0.0182953
1 0.374512 0.288818 0.015625 0.0166016 0.0181427
2 0.921387 0.301758 0.0146484 0.0141602 0.0180054
1 0.882812 0.117432 0.0166016 0.0187988 0.0176697
1 0.200317 0.00543213 0.0131836 0.0101929 0.0171509
0 0.985352 0.466309 0.0136719 0.0117188 0.0161438
2 0.209229 0.00942993 0.0141602 0.0115356 0.0159454
1 0.473633 0.0339355 0.0126953 0.0128174 0.0148697
2 0.95166 0.512695 0.0117188 0.00976562 0.0143509
0 0.92334 0.529297 0.0126953 0.0117188 0.013649
1 0.928711 0.179932 0.0146484 0.0129395 0.0127335
2 0.64502 0.280518 0.0126953 0.0126953 0.010994
0 0.499023 0.0419312 0.0078125 0.0098877 0.0101776
