0 0.15979 0.42627 0.0598145 0.050293 0.905273
0 0.224548 0.275391 0.0582275 0.059082 0.878906
1 0.20752 0.323975 0.0576172 0.0576172 0.642578
0 0.207642 0.323486 0.057373 0.0576172 0.579102
0 0.229248 0.083374 0.0185547 0.0253906 0.490234
0 0.184692 0.443604 0.017334 0.0175781 0.153076
1 0.224304 0.275146 0.0592041 0.059082 0.152832
2 0.0415039 0.405762 0.020874 0.0283203 0.1203
1 0.175049 0.33667 0.0166016 0.0327148 0.104126
2 0.0241394 0.395508 0.0480347 0.0424805 0.0527954
1 0.0243683 0.395264 0.0469666 0.0424805 0.051239
1 0.064209 0.39624 0.0270996 0.0288086 0.0454712
2 0.0639648 0.395996 0.0253906 0.0273438 0.0424805
2 0.114502 0.314941 0.0168457 0.0151367 0.0386353
0 0.184937 0.439453 0.0175781 0.0234375 0.0374756
2 0.122681 0.418701 0.013916 0.0249023 0.0314026
0 0.180176 0.443848 0.0258789 0.0166016 0.0243073
1 0.757324 0.758301 0.03125 0.0371094 0.0219269
2 0.505371 0.45874 0.0146484 0.0185547 0.0209961
2 0.756836 0.757812 0.03125 0.0351562 0.0193481
2 0.0762939 0.97168 0.0505371 0.0527344 0.0170441
0 0.816895 0.960693 0.0263672 0.0493164 0.0148087
2 0.114136 0.357422 0.0158691 0.0175781 0.0139313
2 0.125732 0.350586 0.00927734 0.0175781 0.0135269
0 0.982422 0.909668 0.0351562 0.0566406 0.0131454
1 0.159546 0.426514 0.0598145 0.0493164 0.0124207
0 0.757324 0.757324 0.0322266 0.0351562 0.012352
1 0.123535 0.418457 0.0161133 0.0258789 0.0118637
0 0.175049 0.33667 0.0166016 0.0327148 0.0114594
2 0.175171 0.336426 0.0166016 0.0322266 0.011055
0 0.822754 0.907715 0.0263672 0.0654297 0.0109482
