2 0.905762 0.161743 0.0654297 0.0651855 0.94873
2 0.948975 0.0974121 0.0551758 0.0605469 0.902832
2 0.872559 0.0923767 0.0498047 0.0452271 0.420898
1 0.687988 0.635742 0.0234375 0.0351562 0.216675
2 0.687012 0.637695 0.0205078 0.0322266 0.115112
1 0.388672 0.299072 0.0292969 0.0131836 0.0578003
1 0.905273 0.161987 0.0654297 0.0649414 0.0429993
1 0.387451 0.302002 0.0297852 0.0214844 0.0374451
1 0.148682 0.394775 0.019043 0.0351562 0.0371704
2 0.847656 0.0614014 0.0322266 0.0335693 0.0304108
0 0.388428 0.299316 0.0292969 0.0136719 0.0238953
2 0.864746 0.0933228 0.0322266 0.0421143 0.0162048
1 0.949951 0.0968933 0.0551758 0.0610962 0.0146637
2 0.344727 0.97583 0.0175781 0.0444336 0.014267
1 0.388428 0.316162 0.0302734 0.0458984 0.0141068
2 0.69043 0.635254 0.0263672 0.0361328 0.0128555
2 0.153564 0.848633 0.0339355 0.0224609 0.0127029
2 0.481445 0.124023 0.0546875 0.0400391 0.0122681
0 0.0112305 0.995605 0.0141602 0.00878906 0.0121765
2 0.935547 0.604492 0.0634766 0.0458984 0.0117188
