0 0.519531 0.780762 0.0576172 0.0566406 0.937012
1 0.499512 0.869629 0.0488281 0.0488281 0.935547
0 0.542969 0.679688 0.0517578 0.0585938 0.916992
0 0.140381 0.915527 0.0258789 0.0380859 0.894531
1 0.772949 0.977539 0.0380859 0.0390625 0.873047
1 0.795898 0.935547 0.0302734 0.0371094 0.869141
0 0.500977 0.688477 0.0517578 0.0537109 0.859375
1 0.542969 0.977539 0.0371094 0.0351562 0.841797
0 0.527344 0.711426 0.0419922 0.0244141 0.821289
2 0.910156 0.813477 0.0292969 0.0195312 0.757324
2 0.10498 0.797852 0.0300293 0.0253906 0.731934
0 0.51709 0.949951 0.0244141 0.0454102 0.67334
0 0.503906 0.746094 0.0507812 0.0488281 0.586426
1 0.503906 0.746094 0.0507812 0.0498047 0.473389
0 0.00869751 0.904297 0.0168457 0.0253906 0.458984
2 0.575195 0.991211 0.0224609 0.015625 0.41626
1 0.51709 0.950195 0.0244141 0.0449219 0.404297
2 0.0183105 0.989258 0.0176392 0.0214844 0.309326
2 0.878418 0.866211 0.0273438 0.0214844 0.30127
1 0.00875854 0.904297 0.0169067 0.0253906 0.277832
2 0.518555 0.986816 0.0380859 0.0263672 0.239502
1 0.519043 0.780273 0.0576172 0.0566406 0.159302
0 0.543457 0.976562 0.0371094 0.0351562 0.158081
2 0.558594 0.529297 0.0292969 0.0234375 0.149658
1 0.325684 0.250244 0.0258789 0.0205078 0.137817
0 0.795898 0.935059 0.0302734 0.0371094 0.113281
2 0.0970154 0.807129 0.0210571 0.0146484 0.0889893
1 0.575195 0.991211 0.0224609 0.015625 0.0869751
2 0.519531 0.993164 0.0322266 0.0136719 0.0755005
2 0.324951 0.251221 0.0268555 0.0224609 0.0645752
1 0.140137 0.915527 0.0263672 0.0380859 0.0574951
2 0.875488 0.865234 0.0371094 0.0263672 0.0550232
2 0.330078 0.247559 0.0166016 0.0136719 0.0511169
2 0.793945 0.729004 0.0185547 0.0185547 0.0461426
2 0.524902 0.993652 0.0214844 0.0126953 0.0422363
2 0.18811 0.865234 0.0297852 0.0234375 0.041687
2 0.522949 0.986328 0.0253906 0.0253906 0.033783
1 0.329834 0.247559 0.0166016 0.0141602 0.0328979
0 0.499023 0.869629 0.0488281 0.0488281 0.0322266
0 0.772461 0.977539 0.0371094 0.0390625 0.0307312
0 0.527832 0.70459 0.0439453 0.0341797 0.0304565
1 0.526367 0.711914 0.0410156 0.0205078 0.0303192
1 0.878418 0.866699 0.0273438 0.0205078 0.0269775
2 0.508789 0.986328 0.0253906 0.0253906 0.0246277
1 0.518555 0.985352 0.0380859 0.0273438 0.0244598
2 0.51416 0.992676 0.0283203 0.0146484 0.0221863
0 0.5625 0.69043 0.0185547 0.03125 0.017807
2 0.558105 0.994141 0.0166016 0.0117188 0.0166168
1 0.522949 0.986328 0.0253906 0.0253906 0.0162659
1 0.10498 0.797852 0.0307617 0.0263672 0.0138855
0 0.550293 0.655273 0.0361328 0.0136719 0.0125504
2 0.788574 0.728516 0.0302734 0.0234375 0.0121994
2 0.0216064 0.679688 0.0148315 0.0136719 0.0121078
1 0.512207 0.984375 0.0292969 0.0253906 0.0112686
2 0.101715 0.802734 0.0253296 0.0185547 0.0100937
