0 0.466553 0.261475 0.0639648 0.0600586 0.94873
0 0.395508 0.260986 0.0522461 0.0527344 0.918457
2 0.0136414 0.484863 0.026001 0.0283203 0.870605
0 0.104614 0.873047 0.0568848 0.0478516 0.839355
1 0.351318 0.23291 0.0556641 0.0561523 0.833984
0 0.0645752 0.84668 0.0629883 0.0488281 0.823242
1 0.281494 0.565918 0.0292969 0.0351562 0.750977
1 0.252686 0.376221 0.0258789 0.0366211 0.743164
1 0.342041 0.275879 0.0615234 0.0600586 0.630859
0 0.117432 0.845215 0.0324707 0.0410156 0.613281
0 0.341797 0.275391 0.0610352 0.0605469 0.584961
0 0.138306 0.965576 0.0090332 0.0200195 0.581055
0 0.252686 0.376465 0.0263672 0.0371094 0.489258
0 0.162354 0.419434 0.0134277 0.0214844 0.421875
0 0.115112 0.874023 0.0375977 0.0449219 0.402832
0 0.223145 0.760742 0.0117188 0.0107422 0.345703
1 0.0645142 0.84668 0.0638428 0.0488281 0.305664
1 0.117676 0.84668 0.0332031 0.0429688 0.300781
0 0.391113 0.285889 0.0439453 0.0209961 0.176758
1 0.162354 0.419434 0.0131836 0.0214844 0.159302
0 0.352051 0.233398 0.0556641 0.0556641 0.157959
0 0.337158 0.919922 0.0141602 0.0166016 0.129272
0 0.386475 0.278809 0.0415039 0.0351562 0.123718
1 0.280762 0.571289 0.0273438 0.0234375 0.119141
2 0.135254 0.799316 0.0429688 0.0224609 0.116028
2 0.374756 0.927246 0.0161133 0.0146484 0.10083
2 0.614258 0.837891 0.0166016 0.0195312 0.0846558
0 0.281494 0.565918 0.0292969 0.0351562 0.0727539
0 0.380859 0.272217 0.0400391 0.0454102 0.0621643
2 0.1521 0.800293 0.013916 0.0214844 0.0610352
1 0.138306 0.965576 0.00952148 0.0200195 0.0551453
2 0.162964 0.809082 0.0283203 0.0214844 0.0536804
1 0.279541 0.57666 0.0258789 0.0136719 0.046936
2 0.158447 0.80127 0.0214844 0.0224609 0.0369568
2 0.148193 0.799805 0.0205078 0.0224609 0.0343933
1 0.395508 0.260742 0.0522461 0.0532227 0.0291595
1 0.466797 0.26123 0.0644531 0.0595703 0.0269318
1 0.223389 0.76123 0.0117188 0.0107422 0.0255585
2 0.253906 0.193848 0.0131836 0.0141602 0.0231018
2 0.163696 0.811523 0.0258789 0.0146484 0.0203857
1 0.388184 0.287354 0.0419922 0.0161133 0.019516
1 0.103851 0.873047 0.0584106 0.0478516 0.0179901
1 0.25415 0.193359 0.0146484 0.015625 0.017868
2 0.242188 0.20459 0.0107422 0.012207 0.0144958
0 0.114624 0.858398 0.0461426 0.0566406 0.014183
2 0.223389 0.76123 0.0117188 0.0107422 0.0139999
1 0.117676 0.874023 0.0336914 0.0458984 0.0139008
2 0.209229 0.590332 0.0146484 0.0136719 0.0132217
0 0.280762 0.571777 0.027832 0.0234375 0.0109253
