0 0.875977 0.29126 0.0419922 0.0498047 0.913574
0 0.858887 0.253662 0.0439453 0.0527344 0.85791
0 0.849121 0.304688 0.0322266 0.0356445 0.831543
0 0.714355 0.635742 0.0458984 0.0429688 0.825195
0 0.637207 0.708008 0.0449219 0.0791016 0.796875
0 0.284912 0.504395 0.0610352 0.0488281 0.598633
0 0.823242 0.294434 0.0244141 0.03125 0.558105
0 0.763672 0.121704 0.0263672 0.0297852 0.302979
1 0.828125 0.0924683 0.0166016 0.0186768 0.218506
0 0.919434 0.262939 0.0175781 0.0180664 0.100952
1 0.763672 0.121338 0.0273438 0.0305176 0.0831909
0 0.682617 0.744629 0.0166016 0.0136719 0.049469
0 0.0121918 0.104889 0.0243835 0.0827026 0.0308838
2 0.828125 0.0924072 0.0166016 0.0183105 0.0288696
1 0.858887 0.253418 0.0429688 0.0527344 0.0223694
0 0.828125 0.0924072 0.0166016 0.0183105 0.022049
1 0.822754 0.294434 0.0234375 0.0322266 0.0158386
1 0.713379 0.635742 0.0449219 0.0429688 0.0130768
1 0.996094 0.444336 0.0078125 0.0297852 0.012764
2 0.692383 0.645996 0.0166016 0.0244141 0.0121918
0 0.643555 0.723633 0.0283203 0.0429688 0.0110703
