1 0.51709 0.532227 0.0380859 0.046875 0.898438
1 0.451538 0.0219574 0.0441895 0.0386047 0.896484
2 0.71582 0.525391 0.0361328 0.0449219 0.89502
1 0.366699 0.305664 0.0458984 0.0449219 0.853516
1 0.411133 0.37793 0.0581055 0.0517578 0.852539
2 0.261963 0.0437012 0.0371094 0.0377197 0.835938
1 0.57373 0.546387 0.0400391 0.046875 0.820312
1 0.279053 0.510254 0.0375977 0.0449219 0.808105
2 0.478394 0.749512 0.036377 0.0419922 0.633301
2 0.428467 0.0420074 0.043457 0.0236511 0.537598
1 0.428223 0.0421143 0.043457 0.0234375 0.524902
2 0.57373 0.546387 0.0400391 0.046875 0.386475
0 0.279053 0.510742 0.0371094 0.0449219 0.302002
1 0.71582 0.525391 0.0371094 0.0439453 0.257568
1 0.400146 0.0224457 0.012207 0.0195618 0.239624
2 0.436768 0.0423584 0.0268555 0.0231934 0.207275
0 0.411377 0.378174 0.0581055 0.0512695 0.190186
2 0.294189 0.19104 0.0175781 0.0168457 0.143799
0 0.337158 0.441406 0.0205078 0.0112305 0.134521
1 0.436768 0.0423584 0.0268555 0.0231934 0.128662
0 0.140137 0.995117 0.0100098 0.00976562 0.112549
0 0.366699 0.305908 0.0458984 0.0444336 0.101196
2 0.170044 0.684082 0.0231934 0.0302734 0.0753174
1 0.262207 0.0439453 0.0371094 0.0371094 0.0740356
1 0.353516 0.293213 0.0195312 0.0219727 0.067749
2 0.416016 0.0752563 0.0166016 0.0179443 0.0441284
1 0.33667 0.441162 0.0200195 0.0107422 0.0356445
1 0.53418 0.434814 0.00878906 0.0170898 0.0341492
2 0.400635 0.0226898 0.012207 0.0191956 0.0265045
0 0.451172 0.0214844 0.0439453 0.0378418 0.0264893
1 0.390381 0.00531006 0.0180664 0.0106201 0.0247345
1 0.361572 0.319336 0.0302734 0.015625 0.0242462
0 0.400146 0.0224457 0.012207 0.0195618 0.0183563
1 0.398926 0.0198822 0.0151367 0.0262756 0.0183105
0 0.361572 0.319336 0.0302734 0.015625 0.018158
1 0.365479 0.31665 0.0390625 0.0219727 0.0168152
1 0.140137 0.995117 0.0100098 0.00976562 0.0161591
2 0.436279 0.298096 0.0209961 0.0161133 0.014183
1 0.476929 0.411377 0.029541 0.0239258 0.0138626
2 0.820801 0.407959 0.0195312 0.0180664 0.0121155
