0 0.917969 0.0461731 0.123047 0.0923462 0.83252
0 0.987793 0.0456543 0.0244141 0.0889893 0.802734
0 0.565918 0.287598 0.0351562 0.0732422 0.538086
0 0.56543 0.307617 0.0341797 0.0336914 0.468262
1 0.918213 0.0451355 0.120605 0.090271 0.160156
2 0.63916 0.505371 0.0224609 0.0292969 0.0922852
1 0.987305 0.045639 0.0253906 0.0891418 0.0686646
1 0.56543 0.307617 0.0341797 0.0336914 0.0253296
2 0.828125 0.0410156 0.0283203 0.02771 0.0225372
0 0.988281 0.0454712 0.0234375 0.0878906 0.0194244
0 0.558594 0.314941 0.0205078 0.019043 0.0174713
0 0.571289 0.262207 0.0107422 0.0161133 0.0107651
