1 0.256592 0.0191345 0.0551758 0.038269 0.921875
2 0.22583 0.0675049 0.043457 0.0437012 0.910645
2 0.17334 0.643066 0.0332031 0.0380859 0.874023
1 0.157959 0.0265503 0.0654297 0.0474854 0.846191
1 0.321533 0.445557 0.043457 0.0327148 0.823242
2 0.00860596 0.65332 0.0172119 0.0361328 0.820312
1 0.119385 0.0324097 0.0253906 0.0334473 0.755371
1 0.146484 0.0535278 0.052002 0.0316162 0.690918
0 0.158447 0.0258179 0.0668945 0.048584 0.18457
0 0.119385 0.0318604 0.0253906 0.0339355 0.0790405
2 0.259521 0.0769043 0.0205078 0.0301514 0.0563354
1 0.00891113 0.65332 0.0178223 0.0361328 0.0556946
1 0.332031 0.446045 0.0219727 0.03125 0.0516968
0 0.256104 0.0192261 0.0556641 0.0384521 0.0506287
1 0.17334 0.643066 0.0341797 0.0390625 0.046814
0 0.321533 0.445557 0.0429688 0.0336914 0.0434265
1 0.907227 0.522461 0.0273438 0.0185547 0.0303345
0 0.147949 0.0539551 0.0551758 0.0322266 0.0299072
0 0.191162 0.0223999 0.0192871 0.0388184 0.0258331
1 0.19104 0.0224457 0.0200195 0.0388489 0.0224915
0 0.907227 0.521973 0.0273438 0.0185547 0.0210724
1 0.19165 0.0274048 0.0168457 0.027832 0.0198212
2 0.0832214 0.626953 0.0256958 0.0292969 0.0185547
2 0.321289 0.445312 0.0439453 0.0332031 0.0170898
0 0.191772 0.0275574 0.0168457 0.027771 0.0158386
1 0.225342 0.0672607 0.0429688 0.043457 0.015419
0 0.333984 0.446777 0.0180664 0.0307617 0.0153351
1 0.133911 0.0521851 0.0334473 0.0272217 0.0106049
