0 0.119507 0.589844 0.0393066 0.0253906 0.685547
0 0.155762 0.581543 0.027832 0.0273438 0.59375
0 0.37793 0.611328 0.0302734 0.0234375 0.571289
0 0.188477 0.654297 0.0175781 0.0449219 0.46167
0 0.199219 0.564453 0.027832 0.0205078 0.449707
0 0.199341 0.580078 0.0288086 0.0507812 0.389893
1 0.188354 0.654297 0.017334 0.0429688 0.234985
1 0.119141 0.590332 0.0400391 0.0253906 0.182251
0 0.204956 0.598145 0.0109863 0.0175781 0.182007
1 0.37793 0.611328 0.0302734 0.0234375 0.150513
1 0.199341 0.563965 0.0283203 0.0205078 0.0542603
2 0.830566 0.973633 0.0263672 0.03125 0.0427246
2 0.38208 0.425537 0.0351562 0.0361328 0.0395203
2 0.836914 0.841797 0.0195312 0.0332031 0.0287476
2 0.82373 0.894043 0.0195312 0.0253906 0.023468
0 0.176636 0.57959 0.0661621 0.0458984 0.0230865
0 0.150269 0.583008 0.0300293 0.0283203 0.0213165
0 0.144287 0.587402 0.0180664 0.0185547 0.019104
1 0.199463 0.569336 0.027832 0.0292969 0.0166473
1 0.983398 0.720215 0.0214844 0.0166016 0.0152512
2 0.188599 0.654297 0.0170898 0.0439453 0.0146713
2 0.384521 0.42041 0.0424805 0.0488281 0.0115967
1 0.199341 0.580566 0.027832 0.0498047 0.0103149
