0 0.0654907 0.151123 0.043335 0.0390625 0.915527
0 0.259277 0.0629883 0.0454102 0.0512695 0.907715
1 0.414307 0.943359 0.0458984 0.0458984 0.905273
0 0.258301 0.161011 0.0439453 0.0449219 0.90332
0 0.162964 0.162109 0.0505371 0.0476074 0.865234
0 0.0088501 0.318604 0.0177002 0.0439453 0.85791
0 0.207642 0.126953 0.0495605 0.0593262 0.838379
0 0.170288 0.117798 0.0456543 0.0510254 0.833984
0 0.264648 0.110443 0.0366211 0.0349731 0.818848
0 0.223633 0.0997314 0.0463867 0.0349121 0.789062
0 0.185425 0.0721436 0.057373 0.0512695 0.775391
0 0.239014 0.138672 0.0366211 0.0493164 0.772949
0 0.167603 0.195312 0.0263672 0.0292969 0.698242
0 0.215088 0.00747681 0.0224609 0.0149536 0.449951
0 0.243896 0.130615 0.0307617 0.0354004 0.146118
0 0.19519 0.12146 0.0268555 0.052002 0.131104
1 0.215088 0.00756836 0.0229492 0.0151367 0.104919
1 0.185669 0.0722351 0.0568848 0.0508423 0.0535583
0 0.398438 0.911621 0.00927734 0.0244141 0.0509338
0 0.250977 0.19519 0.0458984 0.0383301 0.0494995
0 0.938965 0.95752 0.015625 0.0195312 0.0487061
0 0.19873 0.123413 0.0390625 0.0563965 0.0449219
1 0.26416 0.110107 0.0366211 0.0354004 0.0448914
0 0.255615 0.0350952 0.0288086 0.0158691 0.0429688
1 0.244385 0.210571 0.0336914 0.012207 0.0403137
1 0.0090332 0.318359 0.0180664 0.0439453 0.0378418
0 0.41333 0.942871 0.0458984 0.0458984 0.0266724
0 0.195312 0.114136 0.0234375 0.036377 0.0260925
1 0.258301 0.160889 0.0449219 0.0449219 0.0258636
0 0.241699 0.209351 0.027832 0.0126953 0.0256042
0 0.220947 0.199829 0.0102539 0.0151367 0.0248871
1 0.324707 0.0106354 0.0498047 0.0212708 0.0223694
0 0.820312 0.849121 0.0205078 0.0341797 0.0220642
0 0.324219 0.0105591 0.0463867 0.0211182 0.0213623
0 0.978516 0.650391 0.0136719 0.0166016 0.0186157
0 0.48291 0.114258 0.0214844 0.0124512 0.0174103
0 0.196777 0.10498 0.0239258 0.0202637 0.014473
2 0.30957 0.0103912 0.0180664 0.0207825 0.0137939
2 0.720215 0.827148 0.0371094 0.0117188 0.0136871
0 0.3396 0.00672913 0.019043 0.0134583 0.0135269
1 0.249512 0.197021 0.0439453 0.0402832 0.0128479
2 0.97168 0.667969 0.0136719 0.0224609 0.012764
0 0.939941 0.95459 0.0146484 0.0166016 0.0126572
0 0.248535 0.0357056 0.0214844 0.0157471 0.0124283
1 0.162598 0.161743 0.0510254 0.0476074 0.0112762
0 0.240723 0.147461 0.0390625 0.036377 0.0108948
1 0.208984 0.12793 0.0507812 0.0571289 0.0102692
0 0.164307 0.139771 0.0366211 0.0251465 0.0102386
1 0.171387 0.118652 0.0490723 0.0510254 0.0100327
