1 0.735352 0.353516 0.0517578 0.0419922 0.869629
1 0.917969 0.200439 0.0498047 0.0478516 0.861816
0 0.900391 0.0912476 0.0488281 0.0643311 0.80127
0 0.880371 0.128784 0.0195312 0.0327148 0.334961
1 0.900879 0.0886841 0.0478516 0.0574951 0.174072
0 0.898926 0.107697 0.0527344 0.0790405 0.0665894
0 0.917969 0.200684 0.0498047 0.0478516 0.0254822
1 0.880371 0.128784 0.0195312 0.0327148 0.025177
2 0.288818 0.307617 0.0263672 0.0214844 0.0235748
1 0.723633 0.345215 0.0273438 0.0249023 0.019989
2 0.917969 0.2005 0.0498047 0.0482178 0.0187225
1 0.898926 0.104614 0.0517578 0.0820312 0.0148163
1 0.363281 0.775391 0.0556641 0.0458984 0.010025
