1 0.506348 0.171631 0.0478516 0.0322266 0.942871
0 0.0353394 0.0368042 0.0388184 0.0546875 0.907227
0 0.0980225 0.0889893 0.0456543 0.0229492 0.847168
1 0.51123 0.152222 0.0380859 0.0236816 0.84668
0 0.987793 0.535156 0.0244141 0.03125 0.827148
1 0.0568848 0.111816 0.0306396 0.0415039 0.797852
1 0.288086 0.297852 0.0419922 0.034668 0.734863
0 0.956055 0.429932 0.0253906 0.0292969 0.72168
2 0.0671387 0.0800476 0.0264893 0.034729 0.466553
0 0.0159912 0.355469 0.0177002 0.0205078 0.462891
1 0.0671997 0.0796509 0.0273438 0.03479 0.440186
1 0.0980225 0.0890808 0.0466309 0.0230103 0.438965
1 0.645508 0.0168152 0.0478516 0.0336304 0.345215
2 0.645996 0.0171509 0.0478516 0.0343018 0.263672
1 0.522461 0.169922 0.0166016 0.0231934 0.23877
1 0.783691 0.583496 0.0195312 0.0244141 0.23877
0 0.78418 0.583496 0.0195312 0.0244141 0.175537
0 0.67334 0.055603 0.0214844 0.0240479 0.142212
1 0.523438 0.151367 0.0175781 0.0187988 0.101685
1 0.0354614 0.0372314 0.0395508 0.0545654 0.092041
1 0.67334 0.0559082 0.0205078 0.0244141 0.0753784
1 0.379883 0.915527 0.0239258 0.0332031 0.069397
1 0.956055 0.430176 0.0253906 0.0297852 0.0563049
1 0.987305 0.534668 0.0253906 0.03125 0.0549622
2 0.288574 0.298096 0.0419922 0.0336914 0.052124
2 0.379883 0.915039 0.0234375 0.0332031 0.0362549
1 0.518555 0.151123 0.0273438 0.0200195 0.0360413
0 0.505859 0.171875 0.0478516 0.0327148 0.0326233
0 0.522461 0.1698 0.0175781 0.0231934 0.0267334
2 0.814941 0.657227 0.0185547 0.0224609 0.0265808
1 0.0813599 0.0852966 0.0222168 0.0205688 0.0260925
2 0.523438 0.151245 0.0166016 0.0187988 0.0260162
2 0.0567017 0.111816 0.0311279 0.041748 0.024292
1 0.506836 0.157104 0.0410156 0.0222168 0.0233002
0 0.0565796 0.112305 0.03125 0.041748 0.022995
1 0.521973 0.162476 0.0185547 0.0187988 0.0219269
1 0.456543 0.155762 0.0141602 0.0217285 0.0213013
1 0.745605 0.882324 0.015625 0.0146484 0.0162659
2 0.16272 0.754883 0.0339355 0.0429688 0.0148087
0 0.456543 0.15564 0.0136719 0.0217285 0.0131989
2 0.505859 0.171997 0.0458984 0.0334473 0.012764
2 0.745605 0.882324 0.015625 0.0146484 0.012413
