0 0.538086 0.458496 0.03125 0.0283203 0.897461
0 0.805664 0.193604 0.0283203 0.0283203 0.888184
0 0.703125 0.474243 0.0244141 0.0192871 0.798828
1 0.153076 0.43335 0.0212402 0.0200195 0.724609
1 0.0578003 0.275635 0.0216064 0.0244141 0.648438
0 0.665527 0.286133 0.0195312 0.0141602 0.491211
1 0.162842 0.498535 0.0144043 0.0185547 0.483887
1 0.159302 0.444824 0.0144043 0.0141602 0.342773
1 0.0562744 0.272461 0.0178223 0.0200195 0.304199
0 0.385742 0.102417 0.0136719 0.0158691 0.278076
0 0.159302 0.445312 0.0126953 0.0136719 0.263428
1 0.0588379 0.279297 0.020874 0.0175781 0.255127
0 0.584473 0.435547 0.0361328 0.0117188 0.248047
0 0.75 0.114624 0.0214844 0.0239258 0.235107
1 0.163086 0.444336 0.0212402 0.0141602 0.166016
0 0.153076 0.43335 0.0212402 0.0195312 0.135742
1 0.0366211 0.410889 0.022583 0.0219727 0.127319
1 0.043335 0.407715 0.0100098 0.0131836 0.120422
2 0.500977 0.716797 0.0244141 0.0371094 0.112976
0 0.18335 0.446533 0.0124512 0.0112305 0.103027
1 0.665527 0.286133 0.0195312 0.0141602 0.0922852
1 0.183105 0.446045 0.0114746 0.0107422 0.0908203
1 0.385254 0.102783 0.0141602 0.0158691 0.0809326
0 0.109619 0.208374 0.0187988 0.00976562 0.0697632
2 0.162964 0.498535 0.0144043 0.0185547 0.0574951
0 0.933105 0.111572 0.00878906 0.00854492 0.0534058
0 0.0560913 0.272461 0.0180664 0.0200195 0.0526428
1 0.805664 0.193359 0.0283203 0.0285645 0.038147
2 0.0622559 0.40332 0.0117188 0.00976562 0.0352173
2 0.0594482 0.2771 0.0219727 0.0219727 0.0334167
0 0.333008 0.808105 0.0161133 0.0205078 0.0284729
1 0.537598 0.458374 0.03125 0.0285645 0.0261841
2 0.800781 0.224365 0.0214844 0.0258789 0.0256653
2 0.0569458 0.274414 0.0201416 0.0234375 0.0247803
0 0.318115 0.823242 0.0170898 0.0136719 0.024765
2 0.153564 0.433594 0.0212402 0.0205078 0.0236206
0 0.165405 0.44458 0.0249023 0.0136719 0.0207367
2 0.167969 0.535156 0.013916 0.0205078 0.0178223
1 0.184814 0.436523 0.0131836 0.0112305 0.0156708
1 0.180786 0.445068 0.015625 0.0131836 0.0155487
2 0.223633 0.47998 0.0205078 0.0195312 0.0152054
2 0.0430908 0.407959 0.0106201 0.0126953 0.014946
1 0.184692 0.447754 0.0134277 0.0146484 0.0146713
1 0.0622559 0.40332 0.0117188 0.00976562 0.0139847
0 0.184692 0.447754 0.0134277 0.0146484 0.0128098
0 0.583984 0.438965 0.0361328 0.0195312 0.0124893
1 0.703125 0.473999 0.0244141 0.0187988 0.0123062
0 0.0430908 0.407959 0.0106201 0.0126953 0.0118179
1 0.0554199 0.280273 0.0155029 0.0141602 0.0115662
0 0.802734 0.204285 0.0263672 0.0299072 0.0104523
2 0.159302 0.445312 0.0126953 0.0136719 0.0100784
0 0.0576172 0.275635 0.0223389 0.0258789 0.0100403
