1 0.936035 0.729492 0.0292969 0.0185547 0.803711
0 0.878906 0.599121 0.0488281 0.0478516 0.743652
1 0.0974121 0.315186 0.0249023 0.03125 0.738281
2 0.186035 0.122681 0.026123 0.0270996 0.660645
2 0.015625 0.948242 0.0148315 0.0136719 0.40918
1 0.0156555 0.948242 0.0148315 0.0136719 0.375977
1 0.878906 0.598633 0.0498047 0.0488281 0.331543
0 0.097168 0.315186 0.0244141 0.0317383 0.188965
2 0.172729 0.339111 0.0205078 0.0283203 0.085083
2 0.039917 0.935547 0.0170898 0.0146484 0.0769653
2 0.203735 0.171997 0.020752 0.0258789 0.0643921
1 0.0864868 0.00344849 0.0374756 0.00689697 0.0626221
1 0.203613 0.171509 0.0227051 0.0256348 0.0487061
2 0.939941 0.59668 0.0429688 0.0253906 0.0457458
2 0.922363 0.753906 0.0175781 0.0185547 0.0431519
1 0.186157 0.122559 0.026123 0.0270996 0.0348206
2 0.0227203 0.925293 0.0210876 0.0185547 0.026001
0 0.841309 0.746582 0.00878906 0.00976562 0.0246582
1 0.841309 0.746582 0.0078125 0.00878906 0.0235901
0 0.935547 0.729492 0.0302734 0.0205078 0.0234375
2 0.936523 0.72998 0.0283203 0.0195312 0.0214996
2 0.170654 0.347412 0.0241699 0.0415039 0.0187531
0 0.015625 0.947754 0.0150146 0.0136719 0.0176239
0 0.0848999 0.00332642 0.0369873 0.00665283 0.0161591
1 0.92334 0.753418 0.0166016 0.0185547 0.0141983
2 0.536621 0.780273 0.0224609 0.0400391 0.012619
2 0.0969238 0.315186 0.0246582 0.03125 0.0117722
1 0.943359 0.775879 0.0175781 0.00878906 0.011055
2 0.90332 0.744629 0.0185547 0.0175781 0.0109711
2 0.0116577 0.301758 0.0108643 0.0151367 0.0100479
