0 0.534668 0.216309 0.046875 0.0512695 0.918945
0 0.653809 0.0354614 0.0195312 0.0274658 0.180176
0 0.641602 0.0206909 0.0175781 0.0212402 0.13562
2 0.885742 0.0526123 0.0332031 0.0355225 0.134155
2 0.169678 0.325928 0.0288086 0.0205078 0.0963135
0 0.641113 0.00559998 0.0185547 0.0112 0.0720215
0 0.168579 0.459961 0.064209 0.0742188 0.0617676
2 0.705566 0.566895 0.0205078 0.0185547 0.0549011
0 0.652344 0.0316772 0.0244141 0.0355225 0.049408
0 0.641113 0.0174561 0.0195312 0.0302734 0.04599
2 0.169067 0.460693 0.0661621 0.0776367 0.032074
1 0.53418 0.216187 0.0478516 0.0510254 0.0281372
0 0.643066 0.0238647 0.0234375 0.0302734 0.0166168
1 0.169067 0.460693 0.0661621 0.0776367 0.0133057
