2 0.972656 0.494141 0.0273438 0.0185547 0.905273
2 0.933105 0.499023 0.0302734 0.0292969 0.862793
1 0.95459 0.329102 0.0263672 0.0258789 0.850586
0 0.845215 0.949219 0.0146484 0.0273438 0.785156
2 0.0374756 0.121582 0.0168457 0.0185547 0.54834
2 0.0528564 0.135742 0.0146484 0.0175781 0.385254
1 0.730957 0.535645 0.0146484 0.0175781 0.167358
1 0.914062 0.931641 0.0146484 0.0224609 0.0675659
2 0.731445 0.536133 0.0146484 0.0175781 0.0357971
1 0.933105 0.499023 0.0292969 0.0292969 0.0279999
2 0.768066 0.322021 0.0126953 0.0195312 0.0279236
1 0.845215 0.949219 0.0146484 0.0273438 0.0244904
2 0.65918 0.55957 0.0185547 0.0166016 0.018631
2 0.914062 0.931641 0.0146484 0.0234375 0.0185852
2 0.691406 0.736816 0.0224609 0.0234375 0.0176849
0 0.954102 0.329102 0.0263672 0.0258789 0.0162506
2 0.787109 0.316162 0.0126953 0.015625 0.0153809
1 0.972656 0.494141 0.0273438 0.0195312 0.0134125
2 0.150757 0.0731812 0.0151367 0.013916 0.0102615
