0 0.0480957 0.261292 0.0645752 0.0916748 0.714355
0 0.32373 0.0672302 0.0473633 0.0657349 0.61084
1 0.32373 0.0674438 0.0473633 0.0655518 0.414551
0 0.604492 0.422119 0.0361328 0.0629883 0.252197
1 0.0717773 0.244568 0.0646973 0.0753174 0.215698
1 0.0480957 0.262207 0.0620117 0.0908203 0.195312
1 0.386475 0.474609 0.0332031 0.0419922 0.0839233
0 0.0717163 0.244873 0.0650635 0.0751953 0.0648804
0 0.51062 0.991699 0.126221 0.0166016 0.0492859
0 0.512207 0.991699 0.112305 0.0166016 0.0475464
0 0.463745 0.988281 0.0256348 0.0195312 0.0458679
1 0.252686 0.0119476 0.034668 0.0238953 0.0273132
1 0.60498 0.421631 0.0341797 0.0625 0.0256042
2 0.386719 0.474976 0.0322266 0.0412598 0.0193024
0 0.252686 0.0119476 0.034668 0.0238953 0.0175781
0 0.51709 0.991211 0.146484 0.0175781 0.0139999
0 0.465576 0.989258 0.0385742 0.0195312 0.0119629
1 0.511719 0.991211 0.104492 0.0136719 0.0105667
