1 0.427734 0.556152 0.0546875 0.0546875 0.931152
1 0.476074 0.559082 0.0537109 0.0576172 0.929688
1 0.468872 0.320312 0.0524902 0.0527344 0.921875
1 0.455811 0.712402 0.0649414 0.0527344 0.906738
1 0.412109 0.324219 0.0644531 0.0546875 0.875488
2 0.787598 0.234863 0.0292969 0.0297852 0.843262
1 0.746582 0.210571 0.0419922 0.0397949 0.734863
1 0.276855 0.312256 0.0507812 0.0322266 0.702148
1 0.47522 0.437744 0.0407715 0.046875 0.686035
2 0.584961 0.415527 0.0283203 0.0307617 0.682129
2 0.387695 0.425781 0.0209961 0.0463867 0.650879
1 0.509766 0.449463 0.0175781 0.0405273 0.620117
1 0.941406 0.436523 0.0332031 0.0205078 0.612305
0 0.439941 0.434326 0.0302734 0.0463867 0.51416
1 0.438965 0.434814 0.0322266 0.0473633 0.394287
1 0.387939 0.42627 0.0195312 0.0463867 0.377441
2 0.276367 0.312744 0.050293 0.03125 0.341797
2 0.446289 0.463379 0.0161133 0.0244141 0.321289
0 0.510254 0.449829 0.0166016 0.0407715 0.30542
1 0.443604 0.459717 0.0209961 0.0239258 0.108215
1 0.446533 0.462524 0.0175781 0.0251465 0.0946045
1 0.484497 0.440918 0.0593262 0.0556641 0.0720215
0 0.411621 0.323975 0.0649414 0.0551758 0.069519
2 0.941406 0.436523 0.0332031 0.0205078 0.061676
1 0.439453 0.451172 0.0175781 0.0180664 0.056488
0 0.475586 0.559082 0.0527344 0.0585938 0.0477905
0 0.469727 0.320312 0.0517578 0.0527344 0.043396
0 0.941406 0.436523 0.0322266 0.0205078 0.0426025
2 0.746094 0.210999 0.0410156 0.0384521 0.0297394
0 0.439453 0.451172 0.0175781 0.0180664 0.0267792
1 0.787598 0.234863 0.0292969 0.0302734 0.0255585
1 0.412842 0.427734 0.0634766 0.0493164 0.0231171
0 0.427734 0.556152 0.0541992 0.0546875 0.0202332
2 0.0878906 0.156982 0.0258789 0.0187988 0.0175934
0 0.387695 0.425293 0.0219727 0.0454102 0.0168457
0 0.746094 0.210571 0.0410156 0.0397949 0.013504
1 0.467285 0.438965 0.0244141 0.0390625 0.0127945
2 0.456177 0.712402 0.0651855 0.0527344 0.0125046
2 0.474609 0.437988 0.0400391 0.046875 0.012207
0 0.455566 0.712402 0.0634766 0.0537109 0.0115204
2 0.443604 0.459717 0.0205078 0.0239258 0.010994
2 0.774902 0.230225 0.0107422 0.0229492 0.0109863
2 0.780762 0.232361 0.0214844 0.0274658 0.0106888
2 0.358887 0.358154 0.0112305 0.0307617 0.010643
2 0.46875 0.320557 0.0517578 0.0527344 0.0103836
