0 0.416748 0.71875 0.0454102 0.0410156 0.916504
0 0.353271 0.142822 0.0424805 0.0368652 0.867676
0 0.180176 0.0480957 0.0241699 0.0402832 0.817383
0 0.26416 0.0529175 0.03125 0.0196533 0.743164
0 0.358643 0.538574 0.0161133 0.015625 0.652832
2 0.290283 0.70166 0.0317383 0.0253906 0.643555
0 0.99707 0.0521851 0.00585938 0.0379639 0.284424
1 0.290527 0.70166 0.03125 0.0244141 0.130005
1 0.030365 0.204224 0.0116577 0.0107422 0.120544
0 0.995117 0.0523682 0.00976562 0.0384521 0.0784912
0 0.252686 0.0560913 0.012207 0.0136719 0.0697021
1 0.99707 0.0521851 0.00585938 0.0379639 0.0628052
2 0.92627 0.179199 0.0166016 0.0197754 0.0570984
1 0.786621 0.511719 0.0410156 0.0273438 0.0481262
0 0.030365 0.204224 0.0116577 0.0107422 0.0467529
0 0.256104 0.053772 0.019043 0.0181885 0.0434875
2 0.030365 0.204468 0.0120239 0.0109863 0.0401001
1 0.353027 0.142822 0.0424805 0.0373535 0.0370789
0 0.786621 0.512207 0.0390625 0.0253906 0.0258331
0 0.812012 0.560059 0.0205078 0.0117188 0.0222473
1 0.26416 0.0531006 0.03125 0.0195312 0.0151062
1 0.416504 0.718262 0.0458984 0.0419922 0.0146255
2 0.331787 0.335693 0.0253906 0.0297852 0.0134659
1 0.812012 0.560059 0.0205078 0.0126953 0.0115433
