0 0.519531 0.325439 0.0332031 0.03125 0.926758
0 0.891113 0.201965 0.0302734 0.0443115 0.87793
0 0.856934 0.755859 0.0234375 0.0253906 0.877441
0 0.529785 0.37915 0.0234375 0.0224609 0.822266
0 0.480469 0.398438 0.0205078 0.0239258 0.794922
0 0.682617 0.494629 0.00976562 0.0263672 0.776855
0 0.504395 0.339355 0.0146484 0.027832 0.736328
0 0.933594 0.098877 0.0244141 0.03125 0.728516
1 0.939941 0.0764771 0.0175781 0.0310059 0.716797
0 0.407715 0.453857 0.0131836 0.0288086 0.670898
0 0.556152 0.32959 0.0107422 0.0161133 0.621582
0 0.465088 0.392334 0.012207 0.0185547 0.61377
0 0.574219 0.45166 0.0136719 0.0185547 0.525391
0 0.479492 0.381836 0.0205078 0.0131836 0.52002
0 0.0122681 0.959717 0.0179443 0.0200195 0.462158
1 0.890137 0.132568 0.0146484 0.0183105 0.356201
0 0.890137 0.13269 0.0146484 0.0183105 0.310547
0 0.47644 0.39502 0.0158691 0.0205078 0.298584
0 0.9375 0.103668 0.0166016 0.0221558 0.23999
0 0.939941 0.0767212 0.0175781 0.0303955 0.200806
0 0.494629 0.369629 0.0166016 0.0136719 0.195679
1 0.932617 0.0965576 0.0224609 0.0288086 0.178101
0 0.0104675 0.957031 0.015564 0.015625 0.121277
0 0.482422 0.377441 0.0302734 0.0224609 0.103882
0 0.488281 0.371826 0.0253906 0.0185547 0.098938
0 0.929199 0.0944824 0.0175781 0.0244141 0.0706177
0 0.0151062 0.962646 0.0124512 0.0161133 0.0610962
1 0.464478 0.392578 0.0114746 0.0185547 0.0586853
0 0.517578 0.370117 0.0126953 0.0126953 0.0526733
1 0.682617 0.495117 0.00976562 0.0263672 0.0519409
1 0.574219 0.451416 0.0136719 0.0180664 0.042511
0 0.689941 0.515137 0.0078125 0.0136719 0.0388184
1 0.929199 0.0944824 0.0166016 0.0241699 0.0318909
1 0.479492 0.381592 0.0205078 0.0136719 0.0285797
0 0.499023 0.368896 0.0244141 0.0136719 0.0280151
1 0.529785 0.379395 0.0234375 0.0229492 0.0269928
0 0.480469 0.414551 0.0117188 0.0102539 0.0248871
0 0.481445 0.384033 0.0175781 0.0151367 0.0247345
0 0.53418 0.322998 0.0117188 0.0209961 0.0207825
1 0.891602 0.201965 0.0302734 0.0452881 0.019989
1 0.9375 0.103516 0.0166016 0.0219727 0.019104
1 0.856934 0.755859 0.0234375 0.0253906 0.0181427
1 0.503418 0.339355 0.0146484 0.0273438 0.0175171
0 0.495117 0.372559 0.0185547 0.0200195 0.0142593
0 0.514648 0.364014 0.0117188 0.0146484 0.0138702
1 0.0105286 0.95752 0.0159912 0.0166016 0.0133438
0 0.474121 0.385986 0.0214844 0.0185547 0.0125809
2 0.890137 0.13269 0.0146484 0.0183105 0.0124207
0 0.506348 0.319336 0.015625 0.0214844 0.0118561
0 0.480957 0.413574 0.015625 0.0151367 0.0108871
