1 0.942383 0.744141 0.0820312 0.0683594 0.942871
1 0.526367 0.318848 0.0527344 0.0556641 0.886719
0 0.067749 0.769043 0.0393066 0.0517578 0.881836
2 0.854492 0.927246 0.0400391 0.0410156 0.868652
0 0.869629 0.0648193 0.0576172 0.0560303 0.839355
1 0.815918 0.925781 0.0380859 0.0371094 0.808594
2 0.851562 0.285156 0.0341797 0.0405273 0.709473
2 0.792969 0.960449 0.0410156 0.0419922 0.683105
1 0.657715 0.0786743 0.0585938 0.0286865 0.611816
2 0.0621338 0.338867 0.0616455 0.0810547 0.548828
0 0.850586 0.0765991 0.0214844 0.0325928 0.201416
1 0.915039 0.409912 0.0214844 0.0253906 0.0921631
0 0.658203 0.0791016 0.0576172 0.0281982 0.0910034
2 0.816406 0.925781 0.0380859 0.0361328 0.0584412
2 0.0753174 0.338623 0.0756836 0.0869141 0.057251
0 0.915527 0.409912 0.0214844 0.0253906 0.0420837
1 0.869141 0.0646362 0.0566406 0.0559082 0.0372314
1 0.79248 0.960205 0.0400391 0.0424805 0.0324097
1 0.854492 0.927246 0.0400391 0.0400391 0.0265808
0 0.525879 0.319336 0.0517578 0.0546875 0.0247345
0 0.861328 0.0673218 0.0400391 0.0491943 0.0238647
0 0.587891 0.927734 0.150391 0.0556641 0.0222626
2 0.0908813 0.309082 0.0428467 0.0512695 0.0211792
2 0.841309 0.0787964 0.0322266 0.0389404 0.0206909
1 0.913574 0.747559 0.0263672 0.0566406 0.017868
1 0.850586 0.0766602 0.0214844 0.0332031 0.0177307
1 0.067627 0.768555 0.0395508 0.0527344 0.0159302
2 0.825195 0.899902 0.0410156 0.0361328 0.0159149
2 0.942139 0.744141 0.0825195 0.0693359 0.0134125
1 0.825195 0.899902 0.0410156 0.0361328 0.013382
2 0.526367 0.319092 0.0537109 0.0551758 0.0121994
2 0.0860901 0.312256 0.0548706 0.0639648 0.0100861
