0 0.266602 0.137085 0.0424805 0.0402832 0.749023
2 0.612305 0.530762 0.0302734 0.0341797 0.299805
0 0.625488 0.969727 0.0214844 0.0292969 0.212036
1 0.625977 0.96875 0.0224609 0.0292969 0.140991
0 0.502441 0.414551 0.0283203 0.0258789 0.137451
1 0.501953 0.414062 0.0283203 0.0249023 0.103088
1 0.2854 0.157471 0.012207 0.0290527 0.0848389
0 0.2854 0.157471 0.012207 0.0290527 0.0208893
1 0.266846 0.137085 0.0429688 0.0410156 0.0194397
1 0.281982 0.156372 0.0205078 0.029541 0.0167389
0 0.423828 0.213196 0.0317383 0.0228271 0.0149155
2 0.894531 0.60791 0.0253906 0.0302734 0.0136261
2 0.502441 0.414062 0.0283203 0.0249023 0.0123596
0 0.282471 0.15625 0.0205078 0.029541 0.0110474
