1 0.731445 0.898438 0.0283203 0.0214844 0.191162
2 0.074646 0.684082 0.0394287 0.0302734 0.125122
0 0.0129395 0.307373 0.0251465 0.027832 0.0939941
2 0.731445 0.898926 0.0292969 0.0205078 0.0799561
0 0.299561 0.269531 0.0361328 0.0341797 0.0594177
1 0.0746765 0.685059 0.0386353 0.0292969 0.0241547
0 0.292725 0.28125 0.0200195 0.012207 0.0207977
0 0.0133057 0.322998 0.026062 0.0566406 0.019928
1 0.0629272 0.637695 0.0213623 0.0195312 0.0147018
1 0.299561 0.269531 0.0361328 0.0341797 0.0130005
2 0.694336 0.952637 0.0214844 0.0195312 0.0112534
