0 0.8125 0.0848694 0.0585938 0.0585327 0.939941
0 0.950195 0.374512 0.0546875 0.0522461 0.931641
0 0.904297 0.380615 0.0458984 0.0483398 0.92627
0 0.724121 0.166626 0.0556641 0.0615234 0.905762
0 0.116089 0.456299 0.0273438 0.027832 0.875977
0 0.0548096 0.517578 0.0214844 0.03125 0.875
0 0.960693 0.649902 0.0395508 0.0400391 0.864746
0 0.289062 0.395752 0.0292969 0.0258789 0.842773
0 0.458984 0.411865 0.0341797 0.0478516 0.822266
0 0.0886841 0.492188 0.0308838 0.0273438 0.819824
0 0.469238 0.703613 0.0380859 0.0322266 0.814941
0 0.0664673 0.487793 0.0205078 0.0195312 0.78418
0 0.280273 0.466431 0.0239258 0.0300293 0.708496
0 0.367188 0.430664 0.0141602 0.0239258 0.649902
0 0.206543 0.490723 0.015625 0.0214844 0.640137
0 0.17981 0.484375 0.0129395 0.0195312 0.54248
0 0.189697 0.460571 0.0166016 0.0251465 0.487305
0 0.771484 0.0665283 0.0244141 0.0175781 0.453613
0 0.44751 0.400635 0.0126953 0.0239258 0.403809
0 0.104736 0.490723 0.0119629 0.0195312 0.338623
0 0.0978699 0.505859 0.019104 0.0283203 0.321289
0 0.275391 0.480469 0.0170898 0.0126953 0.303955
0 0.0957031 0.508301 0.0151367 0.0244141 0.266846
0 0.461182 0.425049 0.0258789 0.0214844 0.206909
0 0.0944824 0.511719 0.0117188 0.0185547 0.164551
1 0.771973 0.0666504 0.0253906 0.0178223 0.140747
0 0.0956116 0.495117 0.0272827 0.0292969 0.120239
0 0.458984 0.697266 0.0185547 0.0205078 0.0517578
1 0.115967 0.456055 0.0270996 0.0273438 0.0307465
2 0.157349 0.705078 0.0446777 0.0498047 0.02771
1 0.206421 0.490723 0.015625 0.0214844 0.0254364
2 0.232178 0.258789 0.0166016 0.0209961 0.0226135
1 0.366943 0.430176 0.0141602 0.0244141 0.022171
1 0.275391 0.480469 0.0175781 0.0136719 0.0202942
1 0.468628 0.703125 0.0373535 0.0322266 0.0189514
0 0.0938721 0.503906 0.0270996 0.0341797 0.017395
1 0.179688 0.484375 0.0136719 0.0195312 0.0168915
1 0.904785 0.380615 0.0458984 0.0488281 0.015625
1 0.0667725 0.487305 0.0217285 0.0205078 0.0121689
0 0.454346 0.407715 0.0224609 0.0429688 0.0118103
1 0.44751 0.400635 0.012207 0.0249023 0.0114822
0 0.079834 0.484863 0.019043 0.0146484 0.0110321
2 0.0138245 0.568848 0.0269165 0.0322266 0.0108719
0 0.45874 0.427734 0.0185547 0.015625 0.0101318
