0 0.0531616 0.876465 0.0537109 0.0585938 0.934082
0 0.0981445 0.797852 0.0661621 0.0625 0.921387
0 0.0175476 0.883789 0.0350952 0.0527344 0.909668
0 0.724121 0.718262 0.0283203 0.0195312 0.431152
0 0.0734863 0.896484 0.0161133 0.0166016 0.0447998
2 0.60791 0.496094 0.0136719 0.0166016 0.0409546
1 0.098114 0.797363 0.0664673 0.0625 0.0282288
1 0.0175781 0.883789 0.0351562 0.0527344 0.0275269
2 0.566895 0.553711 0.0185547 0.0185547 0.0270691
2 0.308838 0.680176 0.019043 0.0214844 0.0224915
1 0.0530396 0.876465 0.0531006 0.0585938 0.0219269
1 0.650391 0.520508 0.0292969 0.0253906 0.021347
0 0.0742188 0.891602 0.0158691 0.0273438 0.0145493
2 0.650879 0.524902 0.0283203 0.0341797 0.0129471
