0 0.199585 0.867188 0.0324707 0.0419922 0.806641
0 0.419189 0.878906 0.046875 0.0429688 0.746582
0 0.825195 0.825684 0.0253906 0.03125 0.731934
0 0.539551 0.962646 0.0673828 0.0668945 0.644531
1 0.539551 0.962646 0.0683594 0.0668945 0.504883
0 0.131226 0.685059 0.0454102 0.0419922 0.504395
1 0.131226 0.685059 0.0458984 0.0419922 0.289307
1 0.419189 0.879395 0.046875 0.0429688 0.149536
1 0.825684 0.825684 0.0253906 0.03125 0.0374451
1 0.199585 0.867188 0.0336914 0.0429688 0.0287781
2 0.841797 0.358643 0.0214844 0.0214844 0.0221405
