1 0.798828 0.912598 0.0507812 0.0546875 0.902344
1 0.275879 0.979736 0.0390625 0.0405273 0.601074
1 0.188477 0.385498 0.0158691 0.0200195 0.600586
2 0.820312 0.679688 0.0302734 0.0263672 0.421875
0 0.276367 0.979492 0.0390625 0.0410156 0.332764
0 0.188354 0.385498 0.0158691 0.0205078 0.0912476
0 0.270752 0.985352 0.0253906 0.0273438 0.0784912
0 0.798828 0.912598 0.0517578 0.0537109 0.0747681
0 0.986816 0.412842 0.0263672 0.0703125 0.074585
2 0.812988 0.682129 0.0166016 0.0205078 0.0517883
2 0.826172 0.678223 0.0214844 0.0234375 0.0501709
2 0.902344 0.915039 0.0351562 0.0224609 0.0466003
0 0.992188 0.394775 0.015625 0.0288086 0.0446167
1 0.270752 0.985352 0.0253906 0.0273438 0.036438
2 0.837891 0.664551 0.0205078 0.0175781 0.0266113
2 0.188599 0.385254 0.0158691 0.0200195 0.026535
0 0.993164 0.380371 0.0136719 0.0556641 0.021225
2 0.00756836 0.508789 0.0146484 0.0224609 0.0183411
2 0.79834 0.632324 0.0205078 0.0283203 0.016571
0 0.287109 0.96582 0.0170898 0.0136719 0.0162354
1 0.287109 0.96582 0.0170898 0.0136719 0.0132294
2 0.810059 0.680176 0.0146484 0.0205078 0.0102463
