2 0.759766 0.497192 0.0771484 0.0749512 0.90918
1 0.841309 0.399414 0.107422 0.0947266 0.859863
0 0.644531 0.976318 0.0878906 0.0454102 0.75293
0 0.877441 0.0350494 0.0283203 0.0661316 0.714844
1 0.958008 0.753906 0.0839844 0.101562 0.697266
0 0.768555 0.736328 0.0273438 0.0332031 0.50293
0 0.587891 0.984375 0.0771484 0.03125 0.481934
0 0.345215 0.955811 0.180176 0.0883789 0.47583
0 0.95752 0.754883 0.0849609 0.103516 0.469238
1 0.357178 0.686523 0.0356445 0.0380859 0.349854
1 0.478149 0.73291 0.0388184 0.0449219 0.339111
1 0.418457 0.714355 0.0419922 0.0419922 0.251465
1 0.338379 0.955322 0.195312 0.0893555 0.226929
0 0.312012 0.955078 0.114258 0.0878906 0.218994
1 0.316162 0.955078 0.128906 0.0878906 0.21582
2 0.477661 0.735352 0.0378418 0.0478516 0.207153
1 0.877441 0.0349121 0.0292969 0.0675049 0.165894
0 0.840332 0.399902 0.101562 0.0947266 0.150635
0 0.629883 0.44165 0.0253906 0.0498047 0.123474
0 0.98584 0.609863 0.0283203 0.0664062 0.106323
1 0.394775 0.699707 0.0302734 0.0361328 0.102051
0 0.375 0.958984 0.0942383 0.0820312 0.100647
1 0.381592 0.696777 0.0537109 0.0419922 0.0739136
1 0.587891 0.984863 0.0771484 0.0302734 0.072998
1 0.921387 0.808105 0.0810547 0.0869141 0.0647583
1 0.368408 0.95752 0.119629 0.0849609 0.0639038
0 0.356934 0.686523 0.0356445 0.0390625 0.0524292
0 0.394775 0.699707 0.0302734 0.0361328 0.0523376
1 0.759766 0.497559 0.0771484 0.0751953 0.0467224
0 0.418457 0.714355 0.0415039 0.0429688 0.0351562
1 0.383057 0.95874 0.0805664 0.0825195 0.0348816
2 0.915039 0.808105 0.0673828 0.0830078 0.033905
0 0.928223 0.677246 0.0175781 0.0654297 0.0318298
1 0.376953 0.693848 0.0683594 0.0507812 0.0261536
1 0.645508 0.977295 0.0839844 0.0454102 0.0236664
2 0.358398 0.686523 0.0375977 0.0390625 0.0185699
1 0.928223 0.677734 0.0185547 0.0664062 0.0180664
0 0.848633 0.0358582 0.0888672 0.0717163 0.0171661
0 0.928223 0.739746 0.0283203 0.0615234 0.0171356
0 0.478149 0.73291 0.0388184 0.0449219 0.0165405
2 0.841797 0.399658 0.106445 0.0957031 0.0144882
1 0.546387 0.958252 0.0419922 0.0834961 0.0143127
2 0.903809 0.808105 0.0478516 0.0791016 0.0138245
0 0.602539 0.984863 0.078125 0.0302734 0.0126572
0 0.986816 0.618164 0.0263672 0.0449219 0.0120316
1 0.629883 0.441162 0.0253906 0.0483398 0.0119934
0 0.625 0.978027 0.168945 0.0439453 0.0119858
0 0.566895 0.986328 0.0351562 0.0253906 0.0118942
2 0.547363 0.958984 0.0429688 0.078125 0.0114899
1 0.848633 0.0358582 0.0888672 0.0717163 0.0108337
