2 0.0499268 0.870117 0.0480957 0.0517578 0.913086
2 0.0847778 0.902344 0.0389404 0.046875 0.876953
2 0.605957 0.220947 0.0292969 0.0351562 0.873535
2 0.62793 0.883789 0.03125 0.0332031 0.862793
2 0.572266 0.90918 0.0302734 0.03125 0.839355
2 0.557129 0.956299 0.0283203 0.0307617 0.830078
2 0.578125 0.933105 0.0273438 0.0263672 0.804688
2 0.538574 0.947754 0.0283203 0.0341797 0.800781
2 0.585449 0.241699 0.0273438 0.0327148 0.775879
2 0.719238 0.391113 0.0263672 0.0307617 0.711426
2 0.921875 0.0164795 0.0380859 0.032959 0.671387
2 0.162964 0.833984 0.0317383 0.0380859 0.584961
2 0.445801 0.497559 0.0273438 0.0332031 0.553223
2 0.812988 0.0409546 0.0166016 0.0262451 0.428955
2 0.494629 0.623047 0.0224609 0.0292969 0.313232
2 0.572754 0.199463 0.0166016 0.0266113 0.291016
2 0.575195 0.951172 0.0185547 0.0175781 0.0978394
0 0.944824 0.0185852 0.0107422 0.0143433 0.0782471
0 0.797852 0.377441 0.0146484 0.0175781 0.0742798
2 0.869629 0.0868225 0.0117188 0.0145874 0.0581055
1 0.797852 0.377441 0.0146484 0.0170898 0.0361328
2 0.0964355 0.944336 0.0195312 0.0234375 0.0314636
1 0.0500946 0.869629 0.0482483 0.0507812 0.0278015
0 0.541016 0.922363 0.015625 0.0146484 0.0271912
2 0.571777 0.203491 0.0166016 0.0197754 0.0233154
0 0.635742 0.945801 0.0136719 0.015625 0.0200348
2 0.69043 0.311035 0.0224609 0.0229492 0.0196228
2 0.496094 0.651367 0.0244141 0.0253906 0.0196228
2 0.554199 0.953125 0.0205078 0.0302734 0.0178375
2 0.550781 0.977539 0.015625 0.015625 0.0166473
1 0.541016 0.92334 0.0166016 0.015625 0.0160065
1 0.62793 0.883789 0.0302734 0.0322266 0.012886
1 0.922852 0.0162964 0.0390625 0.0325928 0.0128403
2 0.572266 0.195435 0.0195312 0.0349121 0.0122375
2 0.57666 0.893066 0.0205078 0.015625 0.0112152
2 0.0751343 0.319336 0.0189209 0.0205078 0.0106201
1 0.944824 0.0187073 0.0117188 0.0144653 0.0103912
1 0.572266 0.90918 0.0302734 0.0322266 0.0102615
