0 0.803223 0.907715 0.0478516 0.046875 0.793457
0 0.771973 0.718262 0.0488281 0.0449219 0.689453
1 0.771973 0.718262 0.0488281 0.0439453 0.503906
1 0.76123 0.29834 0.0175781 0.043457 0.360596
2 0.591309 0.947266 0.0283203 0.0488281 0.321777
1 0.803223 0.908203 0.0478516 0.046875 0.209717
0 0.114746 0.786133 0.0244141 0.015625 0.147339
0 0.76123 0.298096 0.0175781 0.043457 0.122131
2 0.675781 0.803223 0.015625 0.015625 0.109802
1 0.757324 0.297852 0.0234375 0.046875 0.0823364
0 0.757324 0.297852 0.0234375 0.046875 0.0653076
2 0.515625 0.0110474 0.0400391 0.0218506 0.0553589
1 0.675781 0.803223 0.015625 0.015625 0.0414124
0 0.879883 0.937012 0.0117188 0.0253906 0.036438
2 0.854492 0.960693 0.0507812 0.0629883 0.0198822
2 0.492676 0.0133362 0.0136719 0.0250244 0.0166779
1 0.879883 0.937012 0.0117188 0.0253906 0.014679
