0 0.354004 0.916504 0.0805664 0.0742188 0.965332
1 0.816406 0.807617 0.0556641 0.0527344 0.957031
0 0.426514 0.854492 0.0629883 0.0429688 0.941406
1 0.190796 0.173462 0.0390625 0.0378418 0.898438
1 0.131714 0.980469 0.057373 0.0390625 0.897461
0 0.759277 0.796387 0.0654297 0.0556641 0.886719
0 0.222168 0.964111 0.081543 0.0678711 0.880859
2 0.972412 0.0970459 0.0415039 0.0422363 0.865234
2 0.456543 0.961182 0.0537109 0.0561523 0.861328
1 0.698242 0.754883 0.0585938 0.0566406 0.856445
1 0.719727 0.837891 0.0566406 0.0576172 0.855469
1 0.456665 0.960938 0.0534668 0.0546875 0.817871
0 0.253174 0.904297 0.0756836 0.0585938 0.753418
0 0.227783 0.976318 0.0795898 0.0473633 0.730957
1 0.0875854 0.981445 0.0435791 0.0351562 0.673828
0 0.249512 0.950195 0.03125 0.0302734 0.648926
0 0.306152 0.977295 0.078125 0.0454102 0.615723
0 0.391846 0.990234 0.0288086 0.0195312 0.609375
1 0.973633 0.463867 0.0292969 0.0322266 0.59082
0 0.646973 0.791504 0.0234375 0.0410156 0.526367
0 0.0871277 0.981445 0.0422974 0.0351562 0.506836
2 0.0603027 0.555176 0.017334 0.0322266 0.489746
2 0.799805 0.84668 0.0117188 0.03125 0.437256
0 0.973389 0.463989 0.0297852 0.0319824 0.421875
1 0.0601807 0.555176 0.0172119 0.0322266 0.416016
1 0.306152 0.977539 0.0761719 0.0449219 0.391357
0 0.17981 0.250488 0.0217285 0.0351562 0.352539
1 0.391602 0.990234 0.0288086 0.0195312 0.283691
0 0.425781 0.977539 0.00976562 0.0429688 0.270996
0 0.168579 0.993164 0.0231934 0.0117188 0.221191
0 0.697266 0.754883 0.0585938 0.0556641 0.206787
1 0.168335 0.993164 0.0236816 0.0117188 0.187622
0 0.425781 0.986328 0.00976562 0.0253906 0.160156
1 0.229919 0.982422 0.0738525 0.0351562 0.145386
0 0.719727 0.837891 0.0546875 0.0576172 0.136353
0 0.265869 0.933105 0.0200195 0.015625 0.133423
0 0.232239 0.982422 0.0687256 0.0351562 0.0935059
1 0.17981 0.250488 0.0217285 0.0351562 0.0934448
1 0.759277 0.796387 0.0644531 0.0566406 0.0908813
1 0.646973 0.791504 0.0234375 0.0400391 0.0877686
1 0.425781 0.97583 0.0102539 0.0463867 0.0866089
0 0.26001 0.901855 0.0566406 0.0498047 0.0750732
0 0.230957 0.915527 0.0253906 0.0292969 0.0706787
1 0.10791 0.983398 0.0161133 0.03125 0.0639648
0 0.0106964 0.873047 0.0213928 0.0644531 0.0576477
1 0.354248 0.916504 0.0786133 0.0742188 0.0547485
1 0.805664 0.84375 0.0234375 0.0332031 0.0517578
1 0.972412 0.0968323 0.0415039 0.041687 0.0453491
2 0.804199 0.845703 0.0185547 0.0322266 0.0415039
2 0.0319214 0.0115662 0.0266113 0.0224609 0.036438
1 0.425781 0.986328 0.00976562 0.0253906 0.0343628
2 0.10437 0.00938416 0.0351562 0.0187683 0.0332031
1 0.805176 0.836426 0.0224609 0.0195312 0.0315247
0 0.190796 0.173462 0.0393066 0.0385742 0.0312805
1 0.800293 0.846191 0.0136719 0.0341797 0.0298157
2 0.168579 0.993164 0.0231934 0.0117188 0.0257263
0 0.425293 0.989258 0.012207 0.0214844 0.0252228
2 0.805176 0.844238 0.0263672 0.0332031 0.024231
0 0.269287 0.899414 0.0410156 0.0439453 0.0216675
0 0.265625 0.942871 0.0161133 0.0292969 0.0205383
0 0.133789 0.979492 0.0541992 0.0390625 0.019516
1 0.426514 0.854492 0.0615234 0.0429688 0.0190125
1 0.16333 0.992188 0.0351562 0.0136719 0.0182495
1 0.227539 0.975586 0.0830078 0.0488281 0.0175781
1 0.374268 0.989258 0.0703125 0.0195312 0.0159912
0 0.234619 0.956787 0.0576172 0.043457 0.0148315
1 0.425293 0.989258 0.012207 0.0214844 0.0142365
1 0.00587463 0.890137 0.0117493 0.0283203 0.0139084
0 0.207458 0.963379 0.0460205 0.0654297 0.0124359
1 0.661133 0.80127 0.0449219 0.0224609 0.0121765
2 0.991211 0.0747681 0.0175781 0.0297852 0.0121384
1 0.42627 0.967773 0.00927734 0.0292969 0.0112534
0 0.42627 0.967773 0.00927734 0.0292969 0.0107651
0 0.374268 0.989258 0.0703125 0.0195312 0.0107269
