1 0.097168 0.109741 0.0322266 0.0517578 0.896973
0 0.167358 0.34668 0.0249023 0.0244141 0.807129
1 0.0621338 0.487671 0.0484619 0.0539551 0.660156
2 0.0801392 0.0549927 0.0465088 0.0424805 0.501465
0 0.0615845 0.488281 0.0471191 0.0546875 0.210449
0 0.0772705 0.449219 0.0192871 0.0273438 0.14856
2 0.0971985 0.109863 0.0326538 0.0524902 0.10199
1 0.0802612 0.0551758 0.0465088 0.0444336 0.0877075
1 0.0651855 0.475708 0.0494385 0.0739746 0.0610352
0 0.0651855 0.475708 0.0494385 0.0739746 0.0532837
1 0.0837402 0.477905 0.0246582 0.0354004 0.0447083
0 0.0849609 0.475098 0.0234375 0.0302734 0.0426636
1 0.0767822 0.449463 0.0203857 0.027832 0.0341492
0 0.0792847 0.455322 0.022583 0.0375977 0.0329895
0 0.080658 0.459717 0.0305786 0.0483398 0.0155487
0 0.071106 0.465576 0.041626 0.0649414 0.0152512
1 0.071106 0.465576 0.041626 0.0649414 0.0128555
1 0.0856934 0.473633 0.0222168 0.0224609 0.0118103
