2 0.0065918 0.424805 0.0131226 0.0283203 0.226807
2 0.0218964 0.44043 0.0357971 0.0297852 0.124817
2 0.034317 0.617676 0.0209656 0.0234375 0.0462646
2 0.969727 0.449463 0.0253906 0.0258789 0.0426331
2 0.384277 0.991211 0.0170898 0.0175781 0.0423584
2 0.0125732 0.407471 0.0197144 0.0214844 0.0319214
2 0.0526123 0.477051 0.0316162 0.0458984 0.0262146
2 0.00949097 0.422363 0.0189819 0.0341797 0.0256958
2 0.492676 0.48584 0.0195312 0.0195312 0.0242004
2 0.19812 0.378174 0.0222168 0.0244141 0.01371
2 0.980469 0.246338 0.0351562 0.0507812 0.0125732
2 0.0948486 0.277832 0.0290527 0.0268555 0.0123138
2 0.214355 0.132812 0.0634766 0.0522461 0.011528
2 0.65918 0.452637 0.0195312 0.0200195 0.0112228
