1 0.0942078 0.861328 0.0298462 0.0234375 0.717773
1 0.0685425 0.881836 0.0256348 0.0244141 0.680176
2 0.0942383 0.86084 0.0292969 0.0224609 0.0792236
0 0.0499878 0.880859 0.0172119 0.0205078 0.0608215
1 0.0499878 0.880859 0.017334 0.0205078 0.0556946
0 0.0452728 0.854492 0.0364075 0.0292969 0.0522156
2 0.0687866 0.881836 0.0253906 0.0253906 0.0456543
0 0.0689697 0.881836 0.0269775 0.0253906 0.0259399
2 0.0499878 0.880859 0.0172119 0.0205078 0.0140381
2 0.747559 0.467407 0.0380859 0.0310059 0.0118866
2 0.131592 0.742188 0.027832 0.0527344 0.0115509
0 0.0947266 0.861328 0.0297852 0.0224609 0.010498
