2 0.842773 0.939941 0.0429688 0.0410156 0.895996
2 0.457031 0.705078 0.0390625 0.0371094 0.752441
2 0.463257 0.662109 0.0314941 0.0322266 0.734863
2 0.469727 0.845215 0.0351562 0.0283203 0.604492
2 0.435059 0.849609 0.0317383 0.0283203 0.275635
0 0.453979 0.643066 0.045166 0.046875 0.0980225
2 0.622559 0.671875 0.0380859 0.0214844 0.0975342
2 0.774902 0.986816 0.0205078 0.0263672 0.0925293
2 0.0245361 0.334473 0.0476074 0.0600586 0.0834351
0 0.463379 0.663086 0.0332031 0.0322266 0.0213623
1 0.842285 0.939941 0.0429688 0.0410156 0.0201416
1 0.024292 0.334229 0.0473633 0.0600586 0.0162659
2 0.476074 0.686035 0.0390625 0.0341797 0.0122147
0 0.457153 0.70459 0.0388184 0.0361328 0.0100937
