0 0.310303 0.754883 0.0717773 0.0644531 0.897949
1 0.425049 0.911621 0.0576172 0.0625 0.845703
1 0.605469 0.0739136 0.0517578 0.0584717 0.824219
0 0.365967 0.799805 0.0668945 0.0595703 0.810547
0 0.4552 0.217834 0.0603027 0.0584717 0.799805
0 0.483032 0.289795 0.064209 0.0605469 0.790527
1 0.327881 0.833496 0.0673828 0.0556641 0.770508
0 0.54541 0.670898 0.0498047 0.0498047 0.756836
1 0.590332 0.663086 0.0478516 0.0478516 0.753418
1 0.59082 0.0352783 0.0449219 0.0488281 0.742188
1 0.307129 0.802734 0.0546875 0.0488281 0.738281
0 0.639648 0.0608521 0.0341797 0.0440674 0.525879
0 0.48291 0.954102 0.0195312 0.0527344 0.427734
1 0.63916 0.0606079 0.0341797 0.0443115 0.405029
0 0.306885 0.802734 0.0541992 0.0478516 0.376709
2 0.504883 0.31665 0.0361328 0.0336914 0.363037
1 0.864258 0.338867 0.0351562 0.0595703 0.298096
1 0.48291 0.290039 0.0634766 0.0605469 0.27002
0 0.605469 0.0744019 0.0507812 0.0565186 0.217163
0 0.451416 0.270752 0.0302734 0.0332031 0.19751
0 0.591309 0.0357056 0.0439453 0.0488281 0.194336
2 0.277588 0.805664 0.0234375 0.0517578 0.169067
1 0.505371 0.317139 0.0351562 0.0332031 0.159912
0 0.948975 0.211304 0.043457 0.0603027 0.151489
1 0.455322 0.217407 0.0610352 0.0588379 0.149292
0 0.424805 0.911621 0.0576172 0.0625 0.145142
0 0.864746 0.338379 0.0351562 0.0595703 0.10968
1 0.545898 0.670898 0.0498047 0.0498047 0.106873
1 0.452759 0.270996 0.0339355 0.0351562 0.0878906
1 0.365723 0.799805 0.0664062 0.0595703 0.0634155
0 0.504395 0.315186 0.0371094 0.034668 0.0604553
1 0.277344 0.805176 0.0253906 0.0546875 0.0569153
1 0.48291 0.953125 0.0195312 0.0527344 0.0532532
1 0.30957 0.754883 0.0712891 0.0634766 0.0396729
0 0.327637 0.835938 0.065918 0.0498047 0.0376282
2 0.609863 0.0136414 0.03125 0.0236816 0.0275421
0 0.328857 0.824219 0.0703125 0.0683594 0.0236816
0 0.459229 0.267334 0.0454102 0.0478516 0.0233459
0 0.277588 0.805176 0.0249023 0.0537109 0.0223236
1 0.609863 0.0142212 0.0302734 0.0245361 0.0183563
1 0.46228 0.270508 0.052002 0.0390625 0.0153122
2 0.590332 0.663574 0.046875 0.0478516 0.014946
1 0.293213 0.803711 0.0371094 0.0488281 0.0145874
0 0.590332 0.663574 0.046875 0.0478516 0.0125275
2 0.570312 0.911621 0.03125 0.0273438 0.0105591
2 0.327148 0.835449 0.065918 0.0507812 0.0105057
2 0.293213 0.803711 0.0371094 0.0488281 0.0101776
2 0.330078 0.822266 0.0688477 0.0722656 0.010025
