1 0.473022 0.570312 0.0334473 0.0380859 0.899414
1 0.122681 0.108643 0.0498047 0.045166 0.867188
2 0.613281 0.478882 0.0214844 0.0334473 0.862305
1 0.0640869 0.145386 0.0354004 0.043457 0.822266
2 0.359375 0.822266 0.0297852 0.0292969 0.791016
1 0.0700073 0.182861 0.0213623 0.036377 0.738281
1 0.853027 0.983398 0.0332031 0.0332031 0.614258
2 0.493652 0.541016 0.0273438 0.0322266 0.597656
2 0.149536 0.11792 0.0151367 0.0239258 0.555176
0 0.0687256 0.0584106 0.0186768 0.0181885 0.411133
2 0.45752 0.530273 0.0209961 0.0234375 0.348633
2 0.853516 0.983398 0.0332031 0.0332031 0.333008
2 0.131348 0.129395 0.020752 0.0224609 0.300049
1 0.0432739 0.133911 0.0247803 0.0229492 0.238892
0 0.042923 0.130005 0.0237732 0.0151367 0.236084
1 0.457275 0.529785 0.0209961 0.0234375 0.22583
2 0.560059 0.655273 0.0234375 0.0224609 0.186401
0 0.0698853 0.183228 0.0209961 0.036377 0.172974
0 0.0634155 0.145508 0.036499 0.0429688 0.153564
1 0.0428619 0.130127 0.0241394 0.0153809 0.124695
1 0.148438 0.115967 0.0163574 0.0292969 0.108704
1 0.0690308 0.0584717 0.0192871 0.0186768 0.0983887
1 0.131226 0.129395 0.0209961 0.0222168 0.09021
1 0.493652 0.539062 0.0273438 0.0283203 0.0762939
1 0.0693359 0.171265 0.0220947 0.0170898 0.0750122
0 0.0432739 0.133911 0.0247803 0.0229492 0.0744019
2 0.135986 0.124512 0.0297852 0.0297852 0.0670166
1 0.0435791 0.13855 0.0269775 0.0332031 0.0631104
1 0.515137 0.527344 0.0195312 0.0341797 0.0565796
1 0.131958 0.125977 0.027832 0.0280762 0.0517578
2 0.383057 0.89209 0.0131836 0.0195312 0.0412903
0 0.0422974 0.12793 0.0196533 0.0119629 0.0382996
2 0.382324 0.883301 0.015625 0.0351562 0.0378723
2 0.905762 0.34668 0.0400391 0.0292969 0.0336609
2 0.472656 0.569824 0.0332031 0.0371094 0.0335693
2 0.515137 0.527344 0.0195312 0.0341797 0.0323181
2 0.494629 0.53418 0.0263672 0.0214844 0.0280762
1 0.0546265 0.143555 0.0462646 0.045166 0.027832
2 0.157227 0.0258484 0.0290527 0.0101318 0.026886
2 0.489746 0.53418 0.0224609 0.0195312 0.0244446
2 0.509766 0.375488 0.0126953 0.0136719 0.0213776
0 0.472656 0.569824 0.0332031 0.0371094 0.0212708
1 0.509766 0.374756 0.0126953 0.0131836 0.0197449
2 0.487305 0.534668 0.0146484 0.0185547 0.0169983
1 0.0422974 0.12793 0.0196533 0.0119629 0.0166473
0 0.0692139 0.169922 0.0218506 0.0148926 0.0149841
1 0.157227 0.0258484 0.0290527 0.0101318 0.0147629
1 0.139038 0.111816 0.0212402 0.03125 0.0145187
1 0.358887 0.822266 0.0292969 0.0302734 0.0137634
0 0.122559 0.108765 0.0495605 0.0456543 0.0137177
2 0.858398 0.770996 0.0166016 0.0185547 0.0132065
1 0.136353 0.106812 0.0280762 0.0368652 0.0110931
1 0.14563 0.108765 0.0180664 0.0405273 0.0104065
0 0.0681152 0.0733032 0.020752 0.0408936 0.0102386
1 0.125244 0.129639 0.0351562 0.0185547 0.0102081
