2 0.731445 0.482422 0.0527344 0.0537109 0.816895
2 0.77002 0.499023 0.0341797 0.0371094 0.518555
2 0.986816 0.412598 0.0263672 0.0488281 0.340088
2 0.557129 0.637695 0.015625 0.0185547 0.112183
2 0.711914 0.497559 0.0302734 0.0283203 0.0797729
2 0.705078 0.492188 0.0175781 0.0205078 0.0460205
2 0.566895 0.649902 0.0185547 0.0263672 0.0237427
2 0.715332 0.503906 0.0302734 0.0175781 0.0193024
1 0.730957 0.482544 0.0507812 0.0544434 0.0138855
1 0.156616 0.791016 0.00756836 0.0273438 0.0135345
2 0.970459 0.366943 0.0219727 0.012207 0.0104599
