2 0.817383 0.474731 0.0644531 0.0534668 0.909668
2 0.711426 0.731445 0.0654297 0.0693359 0.873047
2 0.874023 0.470337 0.0517578 0.0515137 0.84668
2 0.922363 0.75293 0.0292969 0.0595703 0.774902
1 0.802734 0.680176 0.0644531 0.0673828 0.750977
2 0.991699 0.727539 0.0166016 0.0517578 0.651367
2 0.604004 0.106476 0.0263672 0.0331421 0.628418
1 0.817383 0.475098 0.0654297 0.0537109 0.498047
2 0.697754 0.0562134 0.0234375 0.0286865 0.343506
2 0.802246 0.680176 0.0644531 0.0673828 0.307373
2 0.629395 0.112305 0.0332031 0.0356445 0.209595
2 0.642578 0.0886841 0.0283203 0.0286865 0.176636
1 0.711426 0.731445 0.0664062 0.0693359 0.105591
2 0.873047 0.652832 0.0273438 0.0458984 0.0935669
2 0.788574 0.542969 0.0400391 0.0292969 0.0793457
2 0.880371 0.899902 0.0410156 0.0507812 0.05896
1 0.922363 0.75293 0.0292969 0.0605469 0.0502625
2 0.976807 0.51416 0.0170898 0.0175781 0.0480042
1 0.991699 0.727051 0.0166016 0.0527344 0.0296783
2 0.686035 0.782715 0.0263672 0.0341797 0.0232086
1 0.874023 0.470825 0.0517578 0.0515137 0.0228119
1 0.603516 0.106171 0.0263672 0.0332642 0.0172119
2 0.976562 0.751953 0.0253906 0.0283203 0.0134354
