2 0.660156 0.53125 0.0244141 0.0302734 0.839844
0 0.816895 0.0747986 0.0341797 0.0401001 0.63623
1 0.742676 0.321289 0.0146484 0.0180664 0.59082
1 0.816895 0.074707 0.0341797 0.0397949 0.466797
2 0.653809 0.510254 0.015625 0.0166016 0.282959
2 0.742676 0.321289 0.0146484 0.0180664 0.0803833
0 0.695801 0.0870361 0.0107422 0.00964355 0.0712891
2 0.666504 0.508301 0.0126953 0.0166016 0.069458
2 0.640137 0.387939 0.0224609 0.0151367 0.037384
2 0.746094 0.413818 0.015625 0.0200195 0.0285645
0 0.825684 0.0826416 0.0175781 0.0270996 0.0245819
1 0.807617 0.0877075 0.015625 0.0128174 0.0238647
2 0.625488 0.668457 0.0830078 0.0917969 0.021759
0 0.825195 0.0869141 0.0146484 0.0168457 0.0205841
0 0.742676 0.321289 0.0146484 0.0180664 0.019577
1 0.667969 0.446045 0.0175781 0.0136719 0.0147095
2 0.874023 0.139648 0.00976562 0.012207 0.0141144
