0 0.428711 0.884766 0.0390625 0.0390625 0.910645
0 0.398438 0.871582 0.0336914 0.0322266 0.908691
2 0.242676 0.948242 0.0249023 0.0263672 0.799316
2 0.303955 0.967041 0.0263672 0.0307617 0.666992
2 0.231689 0.908691 0.0234375 0.0253906 0.599609
1 0.23584 0.970459 0.03125 0.0161133 0.575195
2 0.262939 0.962646 0.0292969 0.0258789 0.516602
1 0.263672 0.963135 0.0288086 0.0268555 0.496826
2 0.331787 0.927246 0.0214844 0.0205078 0.436035
1 0.358154 0.932129 0.0209961 0.0214844 0.338623
0 0.0299835 0.967773 0.0220642 0.0214844 0.323242
2 0.358154 0.932129 0.0205078 0.0224609 0.230591
2 0.23584 0.970947 0.0327148 0.0170898 0.216553
2 0.18396 0.992188 0.0253906 0.0136719 0.203491
1 0.397949 0.847168 0.0263672 0.0234375 0.143066
1 0.303955 0.967041 0.0263672 0.0307617 0.0843506
0 0.396973 0.84668 0.0292969 0.0224609 0.0805054
1 0.397705 0.87207 0.0322266 0.0332031 0.0537415
1 0.243164 0.94873 0.0268555 0.0263672 0.0452881
0 0.0292816 0.960938 0.0237122 0.0371094 0.0340576
1 0.404541 0.847168 0.0146484 0.0214844 0.0186615
1 0.428467 0.884766 0.0390625 0.0390625 0.0171814
2 0.397461 0.847656 0.0273438 0.0205078 0.0162811
2 0.276367 0.951172 0.0209961 0.0166016 0.0141754
