2 0.671387 0.301514 0.0292969 0.0244141 0.807617
2 0.673828 0.108643 0.0507812 0.0461426 0.68457
2 0.326416 0.711426 0.0205078 0.0273438 0.484619
2 0.445068 0.174744 0.0351562 0.0968018 0.37793
2 0.806641 0.0811768 0.0107422 0.0141602 0.106812
2 0.645996 0.116455 0.0410156 0.0263672 0.064209
1 0.672363 0.108154 0.0546875 0.0458984 0.0404053
1 0.806641 0.0806274 0.0117188 0.0150146 0.0379333
0 0.342529 0.138672 0.0151367 0.0322266 0.0307922
2 0.662109 0.113525 0.0566406 0.0356445 0.0269165
1 0.671387 0.301514 0.0302734 0.0249023 0.0232849
1 0.646973 0.116211 0.0400391 0.0234375 0.0166321
0 0.445068 0.171692 0.0361328 0.106323 0.0143433
2 0.649414 0.111572 0.0615234 0.0378418 0.0125885
1 0.342285 0.140259 0.0161133 0.0339355 0.0125885
2 0.832031 0.216614 0.0126953 0.0159912 0.0111008
