2 0.523926 0.0535278 0.0527344 0.0609131 0.907715
2 0.572266 0.011322 0.0546875 0.022644 0.884277
2 0.369141 0.448486 0.0322266 0.0463867 0.730469
2 0.405762 0.338379 0.0356445 0.0395508 0.555664
2 0.435059 0.301758 0.0161133 0.0415039 0.189209
2 0.395996 0.419434 0.0292969 0.0390625 0.155518
2 0.0229492 0.768066 0.0268555 0.0302734 0.149658
2 0.623047 0.0050354 0.0517578 0.0100708 0.0560913
1 0.572266 0.0108948 0.0527344 0.0217896 0.0315247
2 0.392334 0.394043 0.0283203 0.0302734 0.0314331
1 0.524414 0.0536652 0.0527344 0.0606384 0.0261688
2 0.00930786 0.748535 0.0186157 0.0390625 0.0183716
2 0.464111 0.0201721 0.0317383 0.0375366 0.0159149
1 0.405762 0.339111 0.0356445 0.0395508 0.0153198
2 0.464966 0.429688 0.0358887 0.0317383 0.0116043
