1 0.540039 0.090332 0.0771484 0.0744629 0.950684
1 0.97168 0.471191 0.0546875 0.0712891 0.90918
0 0.709961 0.0904541 0.046875 0.0808105 0.837402
1 0.331299 0.256836 0.0703125 0.0776367 0.830566
0 0.390137 0.203003 0.0766602 0.0578613 0.828613
2 0.443359 0.27002 0.0483398 0.0654297 0.814941
1 0.387695 0.250793 0.0664062 0.0721436 0.805176
2 0.152222 0.0586548 0.0297852 0.0269775 0.804199
1 0.372559 0.295166 0.0615234 0.0449219 0.677246
1 0.715332 0.208496 0.0253906 0.0800781 0.437012
2 0.161743 0.00949097 0.0314941 0.0189819 0.43335
0 0.714355 0.207947 0.0253906 0.0831299 0.428223
2 0.388916 0.248779 0.0649414 0.0688477 0.301758
0 0.396729 0.00616455 0.0507812 0.0123291 0.265625
1 0.396729 0.00631714 0.0507812 0.0126343 0.251221
0 0.331055 0.256836 0.0717773 0.0776367 0.227295
2 0.436768 0.205139 0.0395508 0.0775146 0.225342
0 0.433105 0.205322 0.0380859 0.0742188 0.200562
0 0.372559 0.295166 0.0620117 0.0444336 0.190186
2 0.192749 0.128052 0.0317383 0.026123 0.186035
1 0.43335 0.205322 0.0380859 0.0737305 0.117859
2 0.166748 0.0134277 0.0371094 0.0268555 0.0808716
1 0.390137 0.203003 0.0766602 0.0578613 0.074585
2 0.448486 0.205078 0.0600586 0.0800781 0.0739746
1 0.709473 0.0908508 0.046875 0.0819702 0.0664062
1 0.151489 0.0582886 0.0300293 0.0269775 0.0634155
1 0.371094 0.278076 0.0678711 0.074707 0.0592346
0 0.971436 0.471802 0.0551758 0.0720215 0.0495911
0 0.387939 0.250488 0.0664062 0.0712891 0.0440369
2 0.288818 0.189209 0.0273438 0.0292969 0.0279388
0 0.416504 0.207397 0.0356445 0.0666504 0.027359
2 0.187988 0.12854 0.0458984 0.0280762 0.0206604
2 0.97168 0.471191 0.0546875 0.0703125 0.017395
2 0.330811 0.256348 0.0698242 0.0766602 0.0157471
0 0.540527 0.0898438 0.078125 0.0742188 0.0152359
1 0.995605 0.318604 0.00878906 0.0249023 0.0135345
2 0.232178 0.0102692 0.0351562 0.0205383 0.013237
0 0.0124207 0.975586 0.0229492 0.03125 0.0119476
0 0.0124359 0.970703 0.0248718 0.0429688 0.0119324
1 0.716797 0.195801 0.0234375 0.0620117 0.0112228
2 0.540527 0.0898438 0.078125 0.0742188 0.0108948
1 0.62207 0.00810242 0.0390625 0.0162048 0.0102005
0 0.716797 0.195801 0.0234375 0.0620117 0.010025
