2 0.555664 0.78125 0.0361328 0.0400391 0.925293
1 0.376465 0.900879 0.0390625 0.0400391 0.902344
1 0.483032 0.407227 0.0300293 0.0322266 0.901855
2 0.933594 0.48584 0.0273438 0.0332031 0.898926
2 0.533203 0.797363 0.0361328 0.0400391 0.888184
2 0.848145 0.714844 0.0263672 0.0283203 0.877441
2 0.904785 0.742188 0.0195312 0.0283203 0.863281
2 0.506836 0.414551 0.0234375 0.027832 0.859375
2 0.507812 0.791992 0.0273438 0.0322266 0.85791
2 0.780762 0.343506 0.0302734 0.0327148 0.842285
2 0.65625 0.443115 0.0244141 0.0268555 0.841797
2 0.278076 0.821777 0.0234375 0.0224609 0.84082
1 0.648926 0.379883 0.0273438 0.0253906 0.838379
2 0.412598 0.705078 0.0209961 0.0302734 0.82666
2 0.487305 0.956543 0.0205078 0.0263672 0.815918
2 0.698242 0.3479 0.0214844 0.0307617 0.804199
2 0.63916 0.416992 0.0292969 0.0297852 0.776855
2 0.601562 0.406738 0.0234375 0.0258789 0.770996
2 0.467651 0.882324 0.0354004 0.0244141 0.759766
2 0.496582 0.760254 0.0224609 0.0341797 0.757812
2 0.357178 0.618164 0.0214844 0.0253906 0.754395
1 0.0306549 0.160767 0.0334167 0.0168457 0.717773
1 0.664551 0.404053 0.0273438 0.0288086 0.715332
1 0.428467 0.858398 0.0341797 0.0332031 0.702148
2 0.381348 0.975586 0.0175781 0.0214844 0.686035
0 0.538574 0.970703 0.0107422 0.0332031 0.678223
2 0.623047 0.471313 0.0117188 0.0212402 0.651855
2 0.63916 0.435547 0.0253906 0.0205078 0.640625
2 0.759766 0.330566 0.0166016 0.0244141 0.592285
2 0.615234 0.430176 0.0205078 0.0288086 0.592285
2 0.500488 0.660645 0.015625 0.015625 0.583984
2 0.623047 0.442871 0.015625 0.0263672 0.565918
2 0.932617 0.583496 0.0175781 0.0234375 0.547363
2 0.617188 0.435791 0.0234375 0.0356445 0.486572
2 0.481445 0.9375 0.015625 0.0175781 0.472168
2 0.428467 0.858398 0.034668 0.0332031 0.409668
2 0.116577 0.255127 0.0183105 0.0180664 0.327881
2 0.121826 0.23877 0.0185547 0.0161133 0.306396
0 0.664551 0.404297 0.0273438 0.0292969 0.292236
2 0.117065 0.257568 0.0205078 0.0253906 0.265137
1 0.63916 0.416992 0.0302734 0.0302734 0.240723
2 0.118652 0.262451 0.0214844 0.0307617 0.222534
2 0.838867 0.690918 0.0195312 0.0205078 0.194214
2 0.858398 0.72998 0.0195312 0.0292969 0.125366
1 0.538574 0.970703 0.0107422 0.0332031 0.115173
2 0.00942993 0.562988 0.0188599 0.0341797 0.106384
0 0.0306396 0.160889 0.0338135 0.0166016 0.093811
2 0.496094 0.799316 0.0185547 0.0302734 0.0913086
2 0.839844 0.698242 0.0185547 0.0146484 0.076355
2 0.85791 0.563477 0.0107422 0.0146484 0.0744629
0 0.376465 0.901367 0.0380859 0.0400391 0.0702515
2 0.632324 0.435303 0.0195312 0.0244141 0.0700684
2 0.591797 0.995117 0.0117188 0.00976562 0.0666504
1 0.661621 0.397217 0.0263672 0.0283203 0.0664062
2 0.474609 0.658203 0.0195312 0.0166016 0.0648804
2 0.102051 0.318359 0.0134277 0.0117188 0.0606689
1 0.591797 0.995117 0.0117188 0.00976562 0.0593567
1 0.556152 0.780762 0.0371094 0.0400391 0.0575867
2 0.101288 0.252686 0.0181274 0.0205078 0.0533142
2 0.00701904 0.911133 0.0136719 0.0341797 0.0514526
1 0.506836 0.414551 0.0234375 0.0283203 0.0510864
2 0.00674438 0.915527 0.0123901 0.0244141 0.0487976
2 0.569336 0.228516 0.0185547 0.015625 0.0481262
2 0.338135 0.63916 0.0170898 0.0166016 0.0455627
2 0.860352 0.726562 0.0166016 0.0263672 0.0433655
0 0.649414 0.379639 0.0273438 0.0249023 0.0424805
1 0.932617 0.583008 0.0175781 0.0244141 0.0414124
2 0.34668 0.642578 0.0214844 0.0136719 0.0400696
1 0.614258 0.429688 0.0205078 0.0273438 0.0385742
1 0.0071106 0.910645 0.013855 0.0341797 0.0370178
1 0.759277 0.330566 0.0175781 0.0244141 0.0367432
2 0.648926 0.379883 0.0263672 0.0253906 0.0351868
2 0.584473 0.995117 0.0244141 0.00976562 0.0345764
2 0.479492 0.935059 0.0185547 0.0214844 0.0341492
2 0.463379 0.666992 0.015625 0.0283203 0.0314941
2 0.612305 0.427979 0.0195312 0.0253906 0.0281219
2 0.929688 0.631348 0.0205078 0.015625 0.0249481
2 0.854004 0.737793 0.0136719 0.0195312 0.0234528
2 0.118286 0.269287 0.0197754 0.0239258 0.0232849
1 0.657715 0.442139 0.0253906 0.0273438 0.0220184
2 0.311523 0.564453 0.0180664 0.0166016 0.0220032
2 0.346191 0.63916 0.0200195 0.015625 0.0211029
2 0.383057 0.957275 0.0151367 0.0229492 0.0204773
2 0.125854 0.262451 0.0114746 0.0263672 0.0202942
1 0.467773 0.882324 0.0361328 0.0244141 0.019516
2 0.501953 0.65918 0.0195312 0.0195312 0.0187378
1 0.533203 0.797852 0.0371094 0.0410156 0.018158
2 0.483032 0.407227 0.0300293 0.03125 0.0181122
2 0.940918 0.437012 0.0107422 0.0195312 0.0179596
2 0.497559 0.806152 0.0185547 0.0234375 0.0175781
0 0.667969 0.993164 0.0136719 0.00976562 0.017395
2 0.853027 0.740723 0.0117188 0.0146484 0.0173492
1 0.496582 0.760254 0.0214844 0.0341797 0.0172424
0 0.639648 0.418213 0.0302734 0.0307617 0.0170135
1 0.601074 0.406494 0.0234375 0.0263672 0.0156403
0 0.669922 0.990234 0.015625 0.0136719 0.0154343
2 0.0304565 0.160767 0.032959 0.0170898 0.0148239
2 0.503906 0.644531 0.015625 0.0126953 0.0145416
2 0.00646973 0.919922 0.012146 0.015625 0.0141907
2 0.126221 0.26709 0.0114746 0.0205078 0.0134506
1 0.617188 0.436035 0.0234375 0.0356445 0.013092
2 0.11792 0.251953 0.0217285 0.0249023 0.012825
2 0.276123 0.818359 0.0229492 0.0195312 0.0120163
2 0.775391 0.373291 0.0175781 0.012207 0.0119095
1 0.780273 0.343506 0.0292969 0.0317383 0.0117569
2 0.467407 0.666992 0.026123 0.03125 0.0113449
1 0.278076 0.821777 0.0239258 0.0224609 0.0108566
2 0.500488 0.810547 0.0205078 0.0166016 0.0102386
1 0.381104 0.976807 0.0175781 0.0209961 0.0100403
