2 0.483276 0.520996 0.0354004 0.0332031 0.79541
0 0.143555 0.0338287 0.0290527 0.0299988 0.303711
2 0.678223 0.00914001 0.0273438 0.01828 0.230713
2 0.0912781 0.0356903 0.0181274 0.0202942 0.191406
1 0.871094 0.985352 0.0341797 0.0273438 0.126831
1 0.483398 0.520996 0.0351562 0.0332031 0.0861206
2 0.871094 0.986328 0.0341797 0.0273438 0.0811768
1 0.761719 0.200439 0.0136719 0.0273438 0.048645
1 0.143677 0.0332031 0.0292969 0.0283203 0.0209656
2 0.761719 0.20282 0.0126953 0.0328369 0.0197754
2 0.872559 0.991211 0.0273438 0.0175781 0.0195312
2 0.0661621 0.690918 0.0195312 0.0322266 0.0178528
