2 0.357422 0.448853 0.0380859 0.0427246 0.932617
2 0.0580444 0.305664 0.0418701 0.0517578 0.914062
1 0.986328 0.316406 0.0273438 0.027832 0.897949
2 0.139648 0.0576172 0.0439453 0.0460205 0.878906
2 0.105927 0.305664 0.0444946 0.0415039 0.867676
2 0.0487061 0.410645 0.0429688 0.0419922 0.864258
2 0.165283 0.185791 0.0332031 0.0461426 0.859375
2 0.296631 0.478027 0.0424805 0.0429688 0.858398
2 0.328125 0.454224 0.0424805 0.0397949 0.84668
2 0.225403 0.0493164 0.0477295 0.0488281 0.82959
2 0.0340576 0.235046 0.0400391 0.041626 0.822266
2 0.938477 0.299316 0.0341797 0.0297852 0.786621
2 0.90625 0.0141907 0.0341797 0.0283813 0.757812
2 0.785156 0.897461 0.0244141 0.0273438 0.576172
2 0.912109 0.0516357 0.0410156 0.027832 0.541504
2 0.0155945 0.407715 0.0292969 0.0380859 0.517578
1 0.912109 0.0515747 0.0410156 0.0279541 0.383789
2 0.966309 0.313477 0.0244141 0.0219727 0.335205
1 0.938477 0.299316 0.0341797 0.0292969 0.331787
1 0.968018 0.298096 0.0229492 0.0170898 0.305176
1 0.966064 0.312744 0.0249023 0.0253906 0.27417
2 0.0127869 0.19104 0.0234985 0.0341797 0.255371
1 0.0151978 0.407959 0.0293579 0.0400391 0.126221
2 0.143066 0.658691 0.027832 0.0234375 0.112305
1 0.90625 0.0147705 0.0341797 0.0275879 0.0961914
1 0.968018 0.309082 0.0268555 0.034668 0.0884399
2 0.918945 0.337891 0.0283203 0.0166016 0.0600891
2 0.275635 0.48877 0.0214844 0.0341797 0.0569153
2 0.140381 0.281982 0.020752 0.0209961 0.0549927
1 0.0338287 0.235046 0.040741 0.0421143 0.0514832
2 0.933105 0.043457 0.0117188 0.0180664 0.0498047
2 0.12146 0.323975 0.0270996 0.0209961 0.0380859
2 0.130737 0.418457 0.0197754 0.0307617 0.0279388
1 0.0578613 0.305908 0.0419922 0.0512695 0.0221405
2 0.0633545 0.462524 0.0341797 0.017334 0.020401
1 0.139893 0.0576172 0.0439453 0.0455322 0.0202026
1 0.105591 0.305664 0.0458984 0.0419922 0.0201874
1 0.224854 0.0493774 0.0473633 0.050415 0.0183411
1 0.0490112 0.410889 0.0432129 0.0419922 0.016037
2 0.236328 0.780273 0.0224609 0.0283203 0.0143433
2 0.393311 0.0105591 0.0175781 0.019043 0.0127945
2 0.191284 0.0405273 0.0178223 0.0166016 0.0123444
2 0.0906982 0.335449 0.015625 0.0253906 0.0113297
1 0.327637 0.453857 0.0419922 0.0405273 0.011261
2 0.793945 0.871094 0.0214844 0.0253906 0.011055
1 0.295898 0.478027 0.0419922 0.0429688 0.0107422
1 0.357178 0.449585 0.0385742 0.0432129 0.0102692
