0 0.439453 0.738281 0.0771484 0.103516 0.949707
0 0.488281 0.399658 0.0205078 0.0170898 0.115173
0 0.686523 0.988281 0.0341797 0.0234375 0.0977173
1 0.440063 0.737793 0.0769043 0.103516 0.0632324
0 0.691895 0.969727 0.0478516 0.0546875 0.0611877
2 0.0531616 0.651855 0.0330811 0.0244141 0.0533447
0 0.698242 0.965332 0.0322266 0.0439453 0.0433655
1 0.716309 0.994629 0.0195312 0.0107422 0.0328064
1 0.714844 0.993164 0.0205078 0.0117188 0.0300446
0 0.6875 0.984375 0.0390625 0.0253906 0.0236206
0 0.472534 0.434814 0.0148926 0.0205078 0.0233002
0 0.818848 0.73291 0.171875 0.178711 0.0197296
0 0.477173 0.417969 0.0427246 0.0600586 0.0181732
0 0.862305 0.73877 0.175781 0.15625 0.0180817
1 0.687012 0.988281 0.0341797 0.0234375 0.0149765
2 0.715332 0.994141 0.0205078 0.00976562 0.0139389
1 0.052124 0.652344 0.0321045 0.0244141 0.0112762
2 0.768066 0.995117 0.0195312 0.00976562 0.0110168
