1 0.154175 0.0944824 0.0725098 0.0705566 0.896973
1 0.217041 0.102264 0.0537109 0.0549927 0.847656
2 0.241211 0.282959 0.0385742 0.0551758 0.843262
1 0.0970764 0.0778198 0.0529175 0.0616455 0.823242
0 0.435303 0.00541687 0.0356445 0.0108337 0.623535
1 0.628418 0.378906 0.0166016 0.0146484 0.362793
2 0.232605 0.288574 0.0357666 0.0581055 0.27417
2 0.221924 0.300781 0.0283203 0.0415039 0.255859
1 0.568359 0.0146179 0.0195312 0.0215454 0.22168
0 0.0969238 0.0775452 0.0524902 0.0617065 0.210693
1 0.971924 0.993164 0.0209961 0.00976562 0.172729
0 0.628418 0.37915 0.0175781 0.0146484 0.147095
0 0.216736 0.102539 0.053833 0.0551758 0.124512
2 0.221741 0.311279 0.02771 0.0229492 0.122864
0 0.568848 0.0543213 0.0185547 0.0155029 0.109741
0 0.568848 0.0145264 0.0195312 0.0213623 0.081604
2 0.628418 0.37915 0.0175781 0.0146484 0.0807495
0 0.569336 0.0331879 0.0205078 0.0510559 0.0496826
0 0.154541 0.0949707 0.0732422 0.0703125 0.0468445
1 0.568848 0.0325165 0.0195312 0.0462952 0.0453796
1 0.569336 0.0542603 0.0185547 0.0157471 0.0378723
0 0.971924 0.993164 0.0209961 0.00976562 0.026062
1 0.435303 0.00561523 0.034668 0.0112305 0.0218048
2 0.971924 0.993164 0.0209961 0.00976562 0.017807
2 0.762695 0.991211 0.0253906 0.015625 0.0175629
1 0.567383 0.0108032 0.0175781 0.0158691 0.0150757
0 0.993164 0.980469 0.0136719 0.0195312 0.0141373
1 0.241211 0.282471 0.0390625 0.0541992 0.0140457
1 0.221619 0.311279 0.0279541 0.0234375 0.0135498
1 0.221619 0.299316 0.0289307 0.0454102 0.0127869
2 0.154175 0.0944824 0.0725098 0.0705566 0.0127487
1 0.0630493 0.0103455 0.0219727 0.0204468 0.0124207
2 0.141602 0.156006 0.0419922 0.0339355 0.0118103
2 0.418213 0.0204468 0.015625 0.0128784 0.0117035
1 0.762695 0.991211 0.0253906 0.015625 0.0116577
