0 0.0970764 0.150024 0.0424194 0.0456543 0.94043
0 0.301025 0.312256 0.0336914 0.0375977 0.939453
0 0.275391 0.29834 0.0341797 0.0390625 0.923828
0 0.314453 0.333984 0.0380859 0.0371094 0.922363
0 0.20813 0.511719 0.0334473 0.0322266 0.919434
0 0.221924 0.726562 0.0317383 0.0400391 0.913574
0 0.0513306 0.158691 0.036499 0.046875 0.913086
0 0.246094 0.27124 0.0429688 0.0380859 0.912598
0 0.132446 0.0599365 0.0300293 0.0447998 0.90625
0 0.207031 0.279053 0.0332031 0.03125 0.90332
0 0.252686 0.724609 0.0424805 0.0371094 0.885742
0 0.123169 0.125 0.029541 0.0524902 0.86084
0 0.251221 0.697266 0.0361328 0.0390625 0.849121
0 0.233643 0.814453 0.0351562 0.0390625 0.831543
0 0.214722 0.812012 0.0266113 0.0351562 0.73291
0 0.0620728 0.546387 0.0268555 0.0166016 0.651367
0 0.124146 0.395996 0.0202637 0.0219727 0.498779
0 0.224915 0.813477 0.0394287 0.0390625 0.46582
0 0.235352 0.518555 0.0239258 0.0205078 0.396484
0 0.294434 0.308105 0.0356445 0.0390625 0.351562
0 0.124023 0.390381 0.0197754 0.012207 0.305176
0 0.0814209 0.160034 0.0197754 0.0300293 0.262451
0 0.0758057 0.136108 0.0159912 0.0131836 0.248169
1 0.139771 0.418457 0.0253906 0.0136719 0.231445
0 0.0958252 0.434814 0.00976562 0.0146484 0.207031
0 0.0560303 0.394531 0.00866699 0.0131836 0.148682
1 0.0964355 0.354736 0.0268555 0.0292969 0.147217
1 0.124756 0.395264 0.0205078 0.0209961 0.100769
1 0.251709 0.697754 0.0356445 0.0390625 0.0928955
0 0.234131 0.514648 0.027832 0.0263672 0.0827026
0 0.0317383 0.37915 0.0205078 0.0332031 0.0817871
0 0.0279388 0.376953 0.0156555 0.0273438 0.0755005
2 0.857422 0.654785 0.0214844 0.0117188 0.0703125
1 0.0858765 0.418213 0.0145264 0.00878906 0.0610962
0 0.0971375 0.35498 0.0278931 0.0297852 0.0602417
1 0.155273 0.994141 0.0144043 0.0117188 0.0544128
1 0.123901 0.390381 0.0197754 0.012207 0.0538635
2 0.140015 0.418701 0.0251465 0.0131836 0.0535889
1 0.0559082 0.394775 0.00915527 0.0131836 0.046814
1 0.124146 0.124512 0.0297852 0.0539551 0.0423584
0 0.029953 0.372559 0.0172424 0.0214844 0.0396729
1 0.0619507 0.546875 0.0274658 0.0166016 0.0396118
2 0.82666 0.931641 0.0175781 0.0136719 0.0378723
1 0.0750732 0.13562 0.0142822 0.0114746 0.0341187
1 0.131714 0.0598755 0.03125 0.043457 0.0322876
0 0.0858765 0.418213 0.0145264 0.00878906 0.0318604
1 0.208313 0.511719 0.0345459 0.0322266 0.028244
1 0.0987549 0.346191 0.0144043 0.0112305 0.026886
0 0.0267639 0.38208 0.0134888 0.0327148 0.0254364
0 0.23584 0.520996 0.0244141 0.0136719 0.0250397
0 0.0361938 0.383057 0.0130615 0.0229492 0.0240936
1 0.163086 0.994629 0.0153809 0.0107422 0.0236511
1 0.09729 0.351807 0.0236816 0.0209961 0.0234833
2 0.155273 0.994141 0.0144043 0.0117188 0.0221252
1 0.0773926 0.135742 0.0212402 0.0151367 0.0213318
1 0.0963135 0.435303 0.010498 0.0141602 0.0210571
1 0.252441 0.724121 0.0429688 0.0380859 0.0197906
0 0.247803 0.714844 0.0380859 0.0390625 0.0193481
1 0.23053 0.813965 0.0418701 0.0390625 0.0186005
1 0.0983887 0.150269 0.0415039 0.0463867 0.01828
1 0.857422 0.654785 0.0205078 0.0126953 0.018158
0 0.0803223 0.135132 0.0251465 0.0146484 0.0151978
0 0.0247498 0.376709 0.00921631 0.0214844 0.0150604
0 0.0975342 0.351562 0.0227051 0.0200195 0.0150528
0 0.0762329 0.138428 0.0179443 0.0185547 0.0149384
1 0.0870056 0.423828 0.0176392 0.0200195 0.0148849
0 0.0287781 0.365967 0.0169067 0.0205078 0.0148544
1 0.207031 0.279541 0.0332031 0.03125 0.0148087
1 0.0509644 0.158447 0.036499 0.0466309 0.0144043
1 0.134766 0.419189 0.0158691 0.0107422 0.0142822
1 0.235352 0.519043 0.0249023 0.0185547 0.0140991
1 0.216858 0.812012 0.0321045 0.0361328 0.0130615
2 0.850098 0.933594 0.0224609 0.0117188 0.0128021
0 0.0987549 0.346191 0.0144043 0.0112305 0.012413
0 0.0400391 0.381104 0.0129395 0.0219727 0.012146
2 0.163086 0.994629 0.0153809 0.0107422 0.0121231
0 0.0334473 0.35791 0.00952148 0.0117188 0.0119019
0 0.225342 0.515137 0.0307617 0.0283203 0.011879
1 0.221863 0.726562 0.0323486 0.0400391 0.010788
0 0.0795288 0.153076 0.0198975 0.0395508 0.0102844
