0 0.185791 0.259277 0.0561523 0.0644531 0.748535
0 0.940918 0.525391 0.0302734 0.0419922 0.363525
0 0.203369 0.277344 0.0253906 0.0385742 0.10614
0 0.202637 0.269287 0.0275879 0.0532227 0.0684814
0 0.01297 0.069458 0.0115967 0.0328369 0.0510559
0 0.0808716 0.0327148 0.0195312 0.0385742 0.0317078
0 0.224854 0.765625 0.0107422 0.0195312 0.0252228
0 0.196411 0.262939 0.0410156 0.0693359 0.0223236
0 0.0966797 0.23999 0.00952148 0.0161133 0.0188751
0 0.938477 0.535156 0.0234375 0.0185547 0.0184937
1 0.0807495 0.0327606 0.0196533 0.0389709 0.013092
