2 0.575684 0.273438 0.0546875 0.065918 0.907227
1 0.535156 0.174683 0.0654297 0.0698242 0.887207
1 0.47998 0.613281 0.0625 0.0625 0.879395
1 0.529785 0.467285 0.0576172 0.0439453 0.862305
2 0.898926 0.130737 0.0449219 0.0683594 0.856445
2 0.34375 0.224609 0.0268555 0.0449219 0.84375
2 0.0140686 0.020874 0.0281372 0.041748 0.843262
2 0.477539 0.665039 0.0429688 0.0517578 0.841309
2 0.19165 0.887695 0.0327148 0.0332031 0.819336
2 0.735352 0.54834 0.0322266 0.0410156 0.818359
2 0.141602 0.634766 0.0307617 0.0361328 0.80127
1 0.307861 0.870117 0.0268555 0.0361328 0.800781
2 0.512207 0.65918 0.0439453 0.0683594 0.775879
2 0.418457 0.424316 0.0532227 0.0595703 0.754883
1 0.258545 0.904297 0.0327148 0.0351562 0.73584
1 0.355713 0.17041 0.0668945 0.0644531 0.705566
2 0.120728 0.666016 0.0227051 0.0244141 0.677734
2 0.513672 0.70166 0.0263672 0.0253906 0.637695
2 0.62207 0.665039 0.0263672 0.0488281 0.621582
2 0.206787 0.687012 0.027832 0.0332031 0.607422
2 0.671875 0.97168 0.0195312 0.0410156 0.586914
2 0.227295 0.883789 0.0366211 0.0361328 0.584961
2 0.224915 0.899902 0.0340576 0.0283203 0.577148
2 0.294922 0.888672 0.0283203 0.0341797 0.575684
2 0.687988 0.980469 0.0283203 0.0390625 0.53418
2 0.693848 0.615234 0.0273438 0.0400391 0.485352
2 0.0687866 0.634277 0.022583 0.0322266 0.477539
2 0.242188 0.916504 0.0224609 0.0205078 0.462158
1 0.477539 0.665039 0.0419922 0.0517578 0.415039
2 0.925293 0.0706482 0.0419922 0.0596313 0.406494
2 0.124634 0.608398 0.0200195 0.0332031 0.38916
1 0.300293 0.881836 0.0283203 0.0361328 0.383301
2 0.355957 0.170288 0.0673828 0.0646973 0.372314
2 0.970947 0.66748 0.0288086 0.0390625 0.322021
2 0.370117 0.190063 0.0375977 0.0251465 0.313232
1 0.329102 0.174072 0.0146484 0.0473633 0.288818
2 0.543457 0.090332 0.0322266 0.0415039 0.260254
2 0.259033 0.903809 0.03125 0.0341797 0.256348
1 0.29541 0.888184 0.027832 0.0341797 0.253662
2 0.700684 0.622559 0.015625 0.0283203 0.253418
2 0.535156 0.174561 0.0654297 0.0683594 0.250732
1 0.370117 0.190063 0.0375977 0.0251465 0.247437
2 0.273682 0.91748 0.0185547 0.0244141 0.226562
2 0.884766 0.0799561 0.0244141 0.0471191 0.192627
2 0.479492 0.613281 0.0625 0.0615234 0.178711
1 0.395508 0.983643 0.046875 0.0327148 0.165894
2 0.300293 0.881836 0.0283203 0.0361328 0.143921
2 0.892578 0.0792236 0.0380859 0.0483398 0.138306
2 0.917969 0.0764771 0.03125 0.0511475 0.131714
2 0.252686 0.903809 0.0336914 0.0322266 0.128906
2 0.236572 0.902344 0.0180664 0.0253906 0.11615
2 0.240479 0.912109 0.0234375 0.0283203 0.103699
2 0.274658 0.913086 0.0209961 0.0341797 0.103577
1 0.463867 0.105316 0.0263672 0.0234985 0.0919189
2 0.276367 0.897461 0.0175781 0.0253906 0.0878906
2 0.681641 0.976562 0.0332031 0.046875 0.0801392
2 0.572266 0.0983887 0.0517578 0.0393066 0.0789795
2 0.329102 0.171021 0.0146484 0.0500488 0.0759277
2 0.182007 0.754883 0.0256348 0.0332031 0.0728149
2 0.93457 0.638184 0.0214844 0.0283203 0.0551758
2 0.457031 0.65332 0.0205078 0.0341797 0.0545349
2 0.231201 0.361328 0.0136719 0.0375977 0.053772
1 0.735352 0.548828 0.0322266 0.0410156 0.0528259
1 0.0688477 0.634277 0.0224609 0.0322266 0.0523071
2 0.301514 0.912109 0.0126953 0.0224609 0.0515747
2 0.157227 0.651855 0.0229492 0.0273438 0.050354
1 0.227783 0.882324 0.0351562 0.0341797 0.0491943
1 0.512695 0.659668 0.0439453 0.0712891 0.0476379
2 0.307617 0.869629 0.027832 0.0361328 0.0413513
1 0.277344 0.896973 0.0170898 0.0263672 0.0386963
1 0.419434 0.424072 0.0546875 0.0610352 0.0376282
2 0.225586 0.895508 0.0395508 0.0390625 0.0372314
2 0.254883 0.918945 0.0258789 0.0195312 0.0358582
2 0.633789 0.681641 0.00878906 0.0205078 0.0357056
2 0.205933 0.667969 0.0202637 0.0166016 0.0351257
2 0.463745 0.105469 0.0256348 0.0231934 0.0349121
2 0.469604 0.106567 0.0168457 0.0205078 0.0346069
2 0.675781 0.974854 0.0244141 0.0424805 0.0338745
1 0.0140686 0.0207214 0.0281372 0.0414429 0.0311432
2 0.900391 0.0797119 0.0566406 0.0510254 0.0301819
2 0.181396 0.76123 0.0244141 0.0224609 0.0301208
2 0.45752 0.100586 0.0141602 0.0131836 0.0278931
0 0.395508 0.983643 0.0473633 0.0327148 0.0249634
2 0.218445 0.898438 0.0255127 0.0302734 0.0238953
2 0.563477 0.0976868 0.0361328 0.0394897 0.0237274
2 0.496582 0.423096 0.0244141 0.0332031 0.0232239
1 0.469604 0.106323 0.0178223 0.0209961 0.0223846
2 0.605469 0.274414 0.0136719 0.050293 0.0211029
2 0.352295 0.0118713 0.03125 0.022583 0.0204468
2 0.530273 0.466919 0.0585938 0.0446777 0.0203705
2 0.640625 0.591309 0.0263672 0.0449219 0.0202179
1 0.242188 0.916504 0.0263672 0.0234375 0.019516
2 0.689453 0.612793 0.0185547 0.0390625 0.0175476
1 0.274414 0.912598 0.0209961 0.0351562 0.0172577
0 0.427734 0.950684 0.0224609 0.0273438 0.0162506
1 0.45752 0.100586 0.0151367 0.013916 0.0162048
1 0.898926 0.130737 0.0449219 0.0683594 0.0157623
0 0.258057 0.904297 0.0317383 0.0351562 0.0153351
2 0.88623 0.0693359 0.0224609 0.0424805 0.0152969
2 0.467041 0.0886841 0.0141602 0.0169678 0.0148392
0 0.536133 0.174683 0.0654297 0.0700684 0.0142136
2 0.207275 0.611816 0.0166016 0.0166016 0.0140076
1 0.157593 0.652344 0.0231934 0.0283203 0.0133133
2 0.63623 0.627441 0.0253906 0.0322266 0.0131989
1 0.224426 0.900391 0.036499 0.0283203 0.0123367
2 0.548828 0.61084 0.0478516 0.0478516 0.0117035
0 0.49707 0.313721 0.0166016 0.0195312 0.0114822
2 0.191162 0.85791 0.0200195 0.0253906 0.0113373
1 0.575684 0.273438 0.0546875 0.0654297 0.0112915
1 0.195557 0.738281 0.0214844 0.0185547 0.011261
2 0.102661 0.574707 0.0236816 0.03125 0.0112076
1 0.640625 0.591309 0.0263672 0.0449219 0.0110397
0 0.507812 0.341553 0.0214844 0.0209961 0.0106277
2 0.330811 0.149658 0.0146484 0.0354004 0.0105591
1 0.120605 0.666016 0.0231934 0.0253906 0.0105133
2 0.00756836 0.672852 0.0144043 0.0351562 0.0102997
1 0.34375 0.224426 0.0268555 0.0452881 0.0100555
