0 0.522461 0.83252 0.0322266 0.0302734 0.894043
0 0.557617 0.829102 0.03125 0.0214844 0.888672
0 0.546875 0.981445 0.0234375 0.0234375 0.712402
0 0.411377 0.833008 0.0112305 0.0283203 0.630371
0 0.490234 0.898438 0.0166016 0.0253906 0.574219
1 0.521973 0.988281 0.0214844 0.0136719 0.338135
1 0.546387 0.981445 0.0234375 0.0234375 0.211548
0 0.515625 0.852539 0.0126953 0.0136719 0.0634766
0 0.521973 0.988281 0.0214844 0.0136719 0.0407104
0 0.530273 0.850098 0.0166016 0.0136719 0.0375671
0 0.519043 0.852051 0.0185547 0.0126953 0.0375366
1 0.557617 0.829102 0.0302734 0.0214844 0.0287781
1 0.268799 0.612793 0.0273438 0.046875 0.0209961
1 0.525879 0.950195 0.0175781 0.0107422 0.0193176
0 0.535156 0.841797 0.0166016 0.0224609 0.015976
1 0.532227 0.848633 0.015625 0.015625 0.0151138
2 0.521973 0.988281 0.0214844 0.0136719 0.0148239
1 0.519043 0.988281 0.015625 0.0117188 0.0111771
