0 0.0629272 0.018692 0.0241699 0.0278015 0.913086
0 0.901855 0.701172 0.0429688 0.0566406 0.907715
0 0.00790405 0.134766 0.0158081 0.0300293 0.902832
0 0.0133972 0.162842 0.0248413 0.0268555 0.856934
0 0.73291 0.578125 0.03125 0.0400391 0.774902
0 0.848633 0.312012 0.0175781 0.0205078 0.526367
0 0.851074 0.310303 0.0117188 0.0166016 0.231201
0 0.00643921 0.162231 0.0126953 0.0234375 0.210327
0 0.65918 0.968506 0.0253906 0.0141602 0.187622
2 0.875488 0.612305 0.0263672 0.0429688 0.184204
0 0.733398 0.587891 0.0263672 0.03125 0.109924
2 0.993164 0.344971 0.0136719 0.0263672 0.0901489
0 0.0407104 0.0326385 0.0123291 0.0144348 0.0474548
0 0.492188 0.993164 0.0322266 0.0117188 0.0393372
2 0.983398 0.681641 0.00976562 0.0380859 0.0361633
0 0.733887 0.597168 0.0205078 0.0292969 0.0342712
2 0.245117 0.968506 0.0107422 0.0239258 0.0302277
1 0.901367 0.700684 0.0429688 0.0566406 0.0284729
0 0.740234 0.604004 0.00878906 0.0146484 0.0271454
2 0.846191 0.900391 0.0898438 0.109375 0.0168915
0 0.658691 0.970947 0.0292969 0.019043 0.0160828
1 0.73291 0.577148 0.0322266 0.0390625 0.0149689
1 0.492188 0.993164 0.0322266 0.0117188 0.0125122
1 0.992188 0.344971 0.0136719 0.0268555 0.0124741
1 0.848633 0.312012 0.0185547 0.0205078 0.0120316
1 0.0078125 0.135132 0.0153809 0.0297852 0.0113449
