1 0.408203 0.423584 0.0493164 0.0541992 0.913086
1 0.399658 0.377686 0.0415039 0.0454102 0.896484
1 0.742676 0.869141 0.0341797 0.0537109 0.821289
1 0.233398 0.262207 0.0424805 0.0493164 0.807129
1 0.185059 0.518555 0.0334473 0.0253906 0.372803
0 0.126831 0.459229 0.0529785 0.0522461 0.349121
0 0.113403 0.444824 0.0229492 0.0219727 0.234863
1 0.389893 0.321045 0.0131836 0.0239258 0.202271
0 0.178101 0.098175 0.0180664 0.0167847 0.140381
1 0.113403 0.444824 0.0227051 0.0224609 0.139038
0 0.389893 0.321045 0.0131836 0.0239258 0.122192
1 0.127319 0.459473 0.0532227 0.0537109 0.0955811
0 0.742676 0.869629 0.0332031 0.0537109 0.09375
0 0.185303 0.518555 0.0339355 0.0253906 0.0926514
2 0.233643 0.262207 0.0429688 0.0493164 0.0567627
0 0.115112 0.446777 0.0317383 0.0288086 0.043335
1 0.115112 0.446777 0.0317383 0.0288086 0.0272064
0 0.233093 0.262695 0.0426025 0.0498047 0.0271301
0 0.399414 0.378174 0.0415039 0.0458984 0.0243683
2 0.213318 0.183838 0.0240479 0.0244141 0.0216522
0 0.130859 0.481445 0.0239258 0.0117188 0.021225
0 0.123169 0.447021 0.041748 0.0263672 0.0182343
2 0.184814 0.518066 0.0349121 0.0263672 0.0181732
1 0.177856 0.0984802 0.0192871 0.0164185 0.0169525
2 0.408203 0.423828 0.0507812 0.0546875 0.0133743
0 0.408203 0.423828 0.0498047 0.0546875 0.0127792
2 0.742676 0.869629 0.0341797 0.0537109 0.0108337
1 0.127197 0.452637 0.0507812 0.0361328 0.0104446
