1 0.425049 0.408936 0.0224609 0.0263672 0.578613
2 0.421387 0.429443 0.0249023 0.0258789 0.477783
1 0.422119 0.428955 0.0258789 0.0258789 0.281494
1 0.41626 0.4021 0.0136719 0.0205078 0.136353
2 0.0106201 0.485352 0.010437 0.0244141 0.11261
2 0.365479 0.393555 0.019043 0.0229492 0.0999756
2 0.283691 0.368896 0.0117188 0.0205078 0.0848999
2 0.365234 0.389893 0.0175781 0.0166016 0.0827026
1 0.365234 0.389893 0.0175781 0.0166016 0.0560608
2 0.0560303 0.389648 0.0174561 0.0195312 0.0419617
2 0.425781 0.412842 0.0219727 0.0195312 0.0364685
1 0.365479 0.393555 0.0200195 0.0234375 0.0345764
2 0.424316 0.406738 0.0258789 0.0283203 0.0282135
1 0.283936 0.368896 0.0112305 0.0200195 0.020813
2 0.41626 0.4021 0.0126953 0.019043 0.0184631
2 0.366699 0.398193 0.0185547 0.0244141 0.0176544
0 0.424561 0.407227 0.0258789 0.0283203 0.0114288
2 0.405029 0.387695 0.012207 0.015625 0.0102539
