2 0.949219 0.700195 0.0341797 0.0371094 0.844238
2 0.854492 0.722168 0.0390625 0.0439453 0.831055
2 0.140259 0.0225067 0.0241699 0.0292053 0.625488
0 0.44751 0.0665283 0.034668 0.0532227 0.556641
2 0.888672 0.788086 0.0537109 0.0214844 0.379395
0 0.421875 0.0996094 0.046875 0.0439453 0.303711
1 0.887695 0.788086 0.0566406 0.0214844 0.0641479
2 0.97168 0.628906 0.0214844 0.0341797 0.0543823
2 0.90332 0.788574 0.0224609 0.0195312 0.0472412
2 0.947266 0.735352 0.0302734 0.0224609 0.0457153
1 0.948242 0.700195 0.0351562 0.0361328 0.0428467
1 0.447266 0.0665894 0.0356445 0.0535889 0.0384216
2 0.0587158 0.208557 0.0270996 0.0267334 0.0289459
1 0.947754 0.734863 0.03125 0.0234375 0.0282135
0 0.947754 0.734863 0.0322266 0.0234375 0.0241699
2 0.0823975 0.0264282 0.0280762 0.0428467 0.0157166
2 0.874023 0.786621 0.0302734 0.015625 0.0135345
1 0.140137 0.0227203 0.0239258 0.0292664 0.0126724
1 0.42041 0.0998535 0.043457 0.0432129 0.0113068
2 0.971436 0.739746 0.0258789 0.0166016 0.0112076
0 0.430176 0.0981445 0.0332031 0.0378418 0.0101013
