1 0.687012 0.834473 0.0429688 0.0380859 0.928223
2 0.717773 0.856934 0.0332031 0.0302734 0.87207
1 0.691406 0.869629 0.0224609 0.0332031 0.849609
0 0.599121 0.900879 0.0273438 0.0400391 0.80127
1 0.634766 0.846191 0.0283203 0.0292969 0.723633
0 0.624512 0.897949 0.0273438 0.0263672 0.707031
0 0.634766 0.846191 0.0273438 0.0302734 0.287598
1 0.598633 0.900879 0.0273438 0.0400391 0.247314
1 0.625 0.897461 0.0273438 0.0263672 0.067627
1 0.717285 0.856934 0.0341797 0.0302734 0.0624084
0 0.628418 0.889648 0.0205078 0.0136719 0.0189819
2 0.690918 0.870605 0.0244141 0.0341797 0.0180664
2 0.91748 0.669434 0.0136719 0.0126953 0.012146
