1 0.915527 0.128052 0.0371094 0.0344238 0.765137
2 0.0773315 0.022644 0.0163574 0.0174561 0.46875
1 0.921875 0.128296 0.0234375 0.0344238 0.078125
1 0.0160522 0.989258 0.0170898 0.0195312 0.0378113
1 0.924805 0.118896 0.0175781 0.0161133 0.0237885
0 0.407227 0.112305 0.0200195 0.0266113 0.0234375
1 0.926758 0.120483 0.0146484 0.0202637 0.0185699
0 0.913086 0.12793 0.0361328 0.032959 0.0155411
1 0.0146484 0.992188 0.013855 0.0117188 0.015419
1 0.902832 0.124512 0.0117188 0.0148926 0.0118179
2 0.0159607 0.989258 0.0167847 0.0175781 0.0118103
1 0.0771484 0.022644 0.0159912 0.0175781 0.0102768
