1 0.0549164 0.926758 0.0847473 0.0800781 0.912109
1 0.913086 0.974854 0.0703125 0.050293 0.508301
1 0.942383 0.983154 0.0263672 0.0317383 0.150635
1 0.900879 0.973633 0.046875 0.046875 0.12207
2 0.941895 0.983398 0.0253906 0.03125 0.117065
0 0.0554504 0.927246 0.0848999 0.0820312 0.0679321
1 0.324951 0.994141 0.0209961 0.0117188 0.0474854
2 0.324951 0.994141 0.0209961 0.0117188 0.0233612
1 0.0482178 0.879395 0.0541992 0.0302734 0.0226746
2 0.0482178 0.879395 0.0541992 0.0302734 0.0225677
2 0.150146 0.33252 0.0380859 0.0283203 0.0165253
1 0.929688 0.981201 0.0507812 0.0356445 0.0156555
1 0.753906 0.00830078 0.0146484 0.0153809 0.0142517
0 0.136475 0.0257568 0.0187988 0.0201416 0.0133057
1 0.810547 0.900879 0.0234375 0.0244141 0.0107651
