0 0.0250854 0.570801 0.0501709 0.0683594 0.862305
0 0.0476074 0.279541 0.029541 0.0332031 0.791504
0 0.0186768 0.274414 0.0373535 0.0527344 0.781738
0 0.0531616 0.556641 0.0413818 0.0527344 0.736328
0 0.189087 0.185547 0.0292969 0.0458984 0.667969
1 0.0189514 0.274658 0.0379028 0.0551758 0.416748
0 0.110962 0.144409 0.0478516 0.0493164 0.415771
0 0.200684 0.662598 0.0214844 0.0830078 0.407715
0 0.168457 0.164429 0.0224609 0.026123 0.338135
0 0.00521851 0.528809 0.0100098 0.0410156 0.081665
0 0.374268 0.569824 0.0483398 0.0605469 0.0479126
1 0.0534668 0.557129 0.0423584 0.0537109 0.0382996
0 0.19751 0.643555 0.0161133 0.0429688 0.0325623
0 0.0999756 0.177368 0.0322266 0.0393066 0.0318909
2 0.392578 0.866211 0.0249023 0.0439453 0.0187378
0 0.178223 0.176514 0.045166 0.0605469 0.0153122
1 0.200684 0.662598 0.0214844 0.0830078 0.0151291
1 0.0477295 0.280029 0.029541 0.0336914 0.0142136
1 0.00521851 0.528809 0.0100098 0.0410156 0.0139465
1 0.168335 0.164307 0.0219727 0.0270996 0.0120773
1 0.188843 0.185181 0.029541 0.0458984 0.011528
0 0.385986 0.568359 0.0253906 0.0488281 0.0111771
0 0.398193 0.569824 0.0703125 0.0673828 0.011055
