0 0.511719 0.404297 0.0234375 0.0219727 0.437744
1 0.511719 0.404297 0.0234375 0.0224609 0.180298
2 0.530762 0.40918 0.0195312 0.0195312 0.170288
2 0.550781 0.391357 0.0224609 0.0205078 0.130981
0 0.590332 0.416748 0.0205078 0.0214844 0.110596
0 0.662598 0.327637 0.0224609 0.0253906 0.0979004
0 0.60791 0.409912 0.0205078 0.0229492 0.079834
0 0.537598 0.462036 0.0214844 0.0212402 0.0787354
0 0.604004 0.410889 0.0273438 0.0263672 0.076416
0 0.484375 0.499023 0.0273438 0.0234375 0.0717773
1 0.550781 0.391357 0.0224609 0.0205078 0.059967
0 0.550781 0.391113 0.0224609 0.0205078 0.0555115
1 0.798828 0.861328 0.0292969 0.0283203 0.0553589
0 0.467529 0.512207 0.0219727 0.0195312 0.0447693
0 0.623535 0.264648 0.0166016 0.0117188 0.0435486
2 0.0658569 0.266602 0.0491943 0.0400391 0.0386353
2 0.984375 0.657715 0.0273438 0.0458984 0.0376892
0 0.6875 0.345215 0.0244141 0.0302734 0.0344543
2 0.57373 0.392334 0.0214844 0.0205078 0.0340576
0 0.593262 0.414062 0.0292969 0.0258789 0.0324707
2 0.60791 0.409912 0.0205078 0.0229492 0.0322876
2 0.799316 0.861328 0.0283203 0.0273438 0.026001
1 0.537598 0.461914 0.0214844 0.0224609 0.0247803
1 0.554199 0.275391 0.0166016 0.0166016 0.0245667
0 0.661133 0.340332 0.0214844 0.0224609 0.0243683
2 0.952393 0.992188 0.034668 0.0136719 0.0238342
1 0.60791 0.410156 0.0205078 0.0229492 0.0215302
0 0.665527 0.332275 0.0302734 0.0341797 0.0206299
2 0.512207 0.404297 0.0234375 0.0224609 0.0193329
2 0.554199 0.275391 0.0166016 0.0166016 0.0167999
1 0.662109 0.325439 0.0205078 0.0209961 0.0153885
2 0.537598 0.462036 0.0214844 0.0222168 0.0153809
0 0.592773 0.422363 0.0185547 0.0136719 0.0133133
1 0.686523 0.341309 0.0224609 0.0229492 0.0129852
0 0.671387 0.334473 0.0361328 0.0361328 0.0119324
0 0.799316 0.861328 0.0283203 0.0273438 0.0113297
1 0.530762 0.409424 0.0205078 0.019043 0.0110321
0 0.530762 0.409424 0.0195312 0.0200195 0.0106964
