0 0.832031 0.0671387 0.0390625 0.0458984 0.921387
0 0.809082 0.0996399 0.0429688 0.0438843 0.920898
0 0.914062 0.128784 0.0410156 0.0471191 0.918457
0 0.924316 0.0894165 0.0458984 0.0450439 0.894531
0 0.884277 0.0948486 0.0400391 0.0456543 0.891113
0 0.854492 0.109375 0.0253906 0.0395508 0.862305
0 0.989258 0.104828 0.0214844 0.0405884 0.84082
0 0.87207 0.130127 0.0478516 0.0454102 0.838867
1 0.958252 0.113159 0.0405273 0.0375977 0.834961
1 0.951172 0.0873718 0.0332031 0.0415649 0.773438
0 0.950684 0.0870972 0.0332031 0.0413818 0.686523
1 0.77002 0.0878601 0.0439453 0.048645 0.686035
0 0.770508 0.0878296 0.0429688 0.0489502 0.576172
0 0.870605 0.0289459 0.0341797 0.0414734 0.439941
0 0.996094 0.0740356 0.0078125 0.0343018 0.394287
1 0.924805 0.0892334 0.0458984 0.045166 0.318115
0 0.958496 0.114136 0.0380859 0.0385742 0.227783
1 0.989258 0.105011 0.0214844 0.0409546 0.217896
0 0.873047 0.0174561 0.0292969 0.019043 0.144775
1 0.996094 0.0740356 0.0078125 0.0343018 0.0383606
1 0.875977 0.0169678 0.0253906 0.0184326 0.0354309
0 0.995117 0.0756836 0.00976562 0.0358887 0.0304718
1 0.884766 0.095459 0.0410156 0.0454102 0.0218811
1 0.809082 0.0997314 0.0439453 0.0444336 0.0218353
1 0.914551 0.129761 0.0400391 0.046875 0.0211945
1 0.87207 0.131104 0.046875 0.0446777 0.0151901
0 0.943359 0.640625 0.0146484 0.0136719 0.0141373
1 0.832031 0.0670776 0.0400391 0.0462646 0.0140228
