0 0.178711 0.0185547 0.0693359 0.0371094 0.848633
0 0.117798 0.00732422 0.0617676 0.0146484 0.70166
2 0.0712891 0.681641 0.0228271 0.0224609 0.216431
1 0.116211 0.00746155 0.0605469 0.0149231 0.0330505
2 0.694824 0.153076 0.0136719 0.0144043 0.0327759
2 0.459961 0.622559 0.0341797 0.0341797 0.0309296
2 0.112183 0.615723 0.0161133 0.0185547 0.0296021
1 0.179443 0.0184021 0.0671387 0.0368042 0.0273285
0 0.163208 0.00785828 0.0356445 0.0157166 0.0190125
2 0.662598 0.773438 0.0253906 0.0263672 0.0143585
