0 0.445801 0.823242 0.0429688 0.0390625 0.942871
1 0.578613 0.9729 0.0263672 0.0288086 0.918945
0 0.836914 0.726562 0.0341797 0.0332031 0.843262
1 0.332764 0.754883 0.0166016 0.03125 0.836914
0 0.825684 0.847168 0.0205078 0.0302734 0.833496
0 0.318115 0.81543 0.015625 0.0302734 0.822266
0 0.303711 0.846191 0.0322266 0.0390625 0.79248
0 0.241699 0.827637 0.0161133 0.0273438 0.755859
0 0.411377 0.827148 0.0170898 0.0224609 0.679199
0 0.922363 0.807129 0.0117188 0.0214844 0.667969
1 0.61084 0.960205 0.0244141 0.0170898 0.589844
0 0.713379 0.753906 0.0126953 0.0253906 0.57959
1 0.559082 0.959717 0.0292969 0.0239258 0.550781
1 0.303711 0.846191 0.0327148 0.0390625 0.484619
0 0.629883 0.963867 0.0175781 0.0136719 0.44165
0 0.601562 0.927246 0.0214844 0.0107422 0.410645
0 0.61084 0.959961 0.0234375 0.0175781 0.375977
1 0.562012 0.962402 0.0224609 0.0185547 0.308105
0 0.970459 0.804688 0.0161133 0.0136719 0.290039
1 0.712891 0.753906 0.0126953 0.0263672 0.258789
0 0.875 0.727051 0.0146484 0.0146484 0.22937
1 0.629395 0.963623 0.0175781 0.0141602 0.220459
0 0.758301 0.871094 0.0205078 0.0263672 0.201782
0 0.936035 0.826172 0.0166016 0.0146484 0.121033
1 0.411377 0.82666 0.0166016 0.0224609 0.109009
0 0.929199 0.814941 0.0253906 0.0351562 0.09729
0 0.602539 0.929199 0.0214844 0.0166016 0.0969849
0 0.862305 0.729004 0.0410156 0.0205078 0.0967407
2 0.526855 0.538086 0.0205078 0.0273438 0.0824585
1 0.601562 0.926758 0.0214844 0.0107422 0.0739136
0 0.76416 0.781738 0.00585938 0.0166016 0.0706177
1 0.922363 0.807129 0.0117188 0.0214844 0.0583191
2 0.70752 0.561035 0.0205078 0.0253906 0.0392761
1 0.602539 0.929199 0.0214844 0.0166016 0.039093
0 0.134888 0.984375 0.0131836 0.0253906 0.0375671
0 0.620117 0.960938 0.0185547 0.0136719 0.0368958
1 0.318359 0.81543 0.015625 0.0302734 0.0366516
1 0.825195 0.84668 0.0205078 0.0292969 0.0318604
0 0.830078 0.727051 0.0205078 0.0302734 0.0303955
1 0.258301 0.799805 0.00830078 0.0126953 0.0280609
0 0.578613 0.9729 0.0263672 0.0288086 0.0203094
0 0.322998 0.718262 0.0117188 0.0166016 0.0198212
0 0.407471 0.829102 0.0234375 0.0273438 0.0195007
1 0.620117 0.960938 0.0185547 0.0136719 0.0189362
2 0.33252 0.754883 0.0166016 0.0322266 0.0177917
0 0.561035 0.961182 0.0263672 0.0209961 0.0164185
1 0.241699 0.827148 0.0166016 0.0273438 0.0162964
2 0.579102 0.973633 0.0263672 0.0292969 0.0160522
1 0.323242 0.71875 0.012207 0.0175781 0.0149612
2 0.558105 0.95752 0.0292969 0.0263672 0.0146713
2 0.630371 0.964111 0.0166016 0.0131836 0.0145569
1 0.76416 0.781738 0.00585938 0.0166016 0.0126648
1 0.446289 0.823242 0.0429688 0.0400391 0.0121155
0 0.930664 0.82373 0.0244141 0.0195312 0.0118561
1 0.875 0.727051 0.015625 0.0146484 0.0114136
0 0.940918 0.814453 0.0419922 0.0380859 0.0107651
1 0.836426 0.726074 0.0341797 0.0332031 0.0100937
0 0.408447 0.836914 0.0209961 0.0302734 0.0100174
