0 0.401611 0.889648 0.0615234 0.0595703 0.915039
0 0.181885 0.0879822 0.0375977 0.0332642 0.891113
0 0.723145 0.751465 0.0517578 0.0439453 0.886719
0 0.143677 0.480957 0.0405273 0.0390625 0.795898
0 0.583008 0.851074 0.0224609 0.0244141 0.621094
2 0.0889587 0.639648 0.0310669 0.0292969 0.387451
1 0.143433 0.481079 0.0405273 0.0388184 0.240723
1 0.0886536 0.639648 0.0307007 0.0292969 0.039093
1 0.181885 0.0882263 0.0380859 0.0339966 0.0281067
1 0.069397 0.73877 0.0179443 0.0302734 0.0269928
0 0.605957 0.883301 0.0214844 0.0488281 0.0207367
0 0.610352 0.870605 0.0146484 0.0244141 0.0160675
0 0.302002 0.190674 0.0131836 0.0161133 0.0157166
0 0.426758 0.883301 0.0229492 0.0419922 0.0117722
2 0.560547 0.889648 0.0136719 0.0166016 0.011322
1 0.610352 0.870605 0.0146484 0.0244141 0.0108032
