2 0.52002 0.0618896 0.0253906 0.0289307 0.908691
2 0.130859 0.0675659 0.0412598 0.0474854 0.902832
2 0.533203 0.0200806 0.0273438 0.0291748 0.89209
2 0.551758 0.721191 0.0478516 0.0507812 0.874023
2 0.503906 0.734863 0.0273438 0.0302734 0.852539
2 0.810547 0.828125 0.0283203 0.0400391 0.835449
2 0.495605 0.0708618 0.0224609 0.0244141 0.788574
2 0.355469 0.215759 0.034668 0.0343018 0.669922
2 0.585449 0.0128784 0.0117188 0.0195312 0.519043
2 0.340332 0.172485 0.0473633 0.0390625 0.129761
2 0.505371 0.065918 0.0253906 0.0272217 0.100952
1 0.810059 0.827637 0.0292969 0.0410156 0.067688
1 0.551758 0.721191 0.046875 0.0498047 0.0527954
1 0.503418 0.735352 0.0273438 0.0292969 0.0425415
1 0.143921 0.126099 0.032959 0.0217285 0.0291138
2 0.384277 0.229004 0.0219727 0.0268555 0.0262909
1 0.384277 0.229004 0.0224609 0.0268555 0.0244293
1 0.189331 0.0976562 0.0449219 0.00976562 0.0188599
1 0.130615 0.067688 0.0419922 0.0471191 0.0181427
1 0.533203 0.019104 0.0273438 0.0297852 0.0134201
0 0.189331 0.0976562 0.0449219 0.00976562 0.0114746
0 0.2854 0.187012 0.0141602 0.020752 0.0111313
1 0.520508 0.0617676 0.0253906 0.0297852 0.0102005
