1 0.753418 0.983643 0.0302734 0.0327148 0.914062
1 0.880371 0.916504 0.0322266 0.0361328 0.910645
1 0.726562 0.976807 0.03125 0.0327148 0.868164
1 0.694824 0.976562 0.0351562 0.0351562 0.86377
1 0.76709 0.952637 0.0361328 0.0361328 0.853027
1 0.975586 0.902832 0.0390625 0.0410156 0.852051
2 0.836914 0.935547 0.0283203 0.0273438 0.850586
1 0.958496 0.973633 0.0341797 0.0332031 0.847168
1 0.595703 0.989258 0.0341797 0.0214844 0.84375
1 0.628418 0.986328 0.0302734 0.0273438 0.841797
2 0.847656 0.921387 0.0263672 0.0302734 0.837891
1 0.660645 0.983398 0.0380859 0.03125 0.831543
1 0.906738 0.914062 0.0322266 0.0351562 0.800293
0 0.745117 0.873047 0.0341797 0.0351562 0.799805
1 0.936523 0.983398 0.0234375 0.0332031 0.756836
1 0.921387 0.956543 0.015625 0.0283203 0.658691
1 0.793457 0.995117 0.0244141 0.00976562 0.605469
1 0.712402 0.989258 0.0166016 0.0175781 0.539062
1 0.733887 0.980469 0.0302734 0.03125 0.532715
1 0.978516 0.90918 0.0410156 0.0419922 0.522461
1 0.990234 0.714844 0.0195312 0.0546875 0.520996
0 0.990234 0.714355 0.0195312 0.0556641 0.485107
1 0.837891 0.935059 0.0292969 0.0283203 0.451904
1 0.763184 0.899414 0.0214844 0.015625 0.403564
1 0.981201 0.915527 0.0356445 0.0263672 0.381104
1 0.84668 0.921875 0.0273438 0.0302734 0.354736
1 0.948242 0.990723 0.0175781 0.0185547 0.291504
1 0.987793 0.912598 0.0244141 0.03125 0.26709
0 0.921387 0.956543 0.015625 0.0283203 0.225708
1 0.744629 0.873535 0.0341797 0.0351562 0.224854
2 0.948242 0.992188 0.0166016 0.015625 0.201904
1 0.711914 0.985352 0.0175781 0.0273438 0.168945
0 0.936523 0.983643 0.0244141 0.0327148 0.146851
1 0.674805 0.984375 0.0185547 0.0292969 0.139038
0 0.628906 0.986328 0.0302734 0.0273438 0.113342
0 0.643555 0.988281 0.0146484 0.0234375 0.10144
0 0.65918 0.983154 0.0371094 0.0317383 0.100037
2 0.907227 0.914062 0.0322266 0.0351562 0.0960693
1 0.921387 0.863281 0.0224609 0.0302734 0.0891724
0 0.712891 0.990234 0.0166016 0.015625 0.0853882
2 0.95874 0.973389 0.0336914 0.0336914 0.0853271
1 0.429932 0.995117 0.0209961 0.00976562 0.0790405
2 0.845703 0.92627 0.0283203 0.0322266 0.0549011
0 0.694824 0.975586 0.0341797 0.0351562 0.054718
1 0.643555 0.988281 0.0146484 0.0234375 0.0516052
2 0.105225 0.869629 0.0117188 0.0117188 0.0500793
0 0.879883 0.916016 0.0322266 0.0371094 0.0435791
0 0.763184 0.899414 0.0205078 0.015625 0.041748
1 0.641602 0.992188 0.015625 0.0136719 0.0414124
2 0.947754 0.987305 0.0185547 0.0253906 0.0382385
2 0.793457 0.995117 0.0244141 0.00976562 0.0363464
0 0.793457 0.995117 0.0244141 0.00976562 0.0312347
0 0.727539 0.977539 0.0322266 0.0332031 0.0293884
0 0.958984 0.972656 0.0332031 0.0332031 0.0278015
1 0.949707 0.993164 0.015625 0.0136719 0.0263062
0 0.432373 0.995117 0.0175781 0.00976562 0.0261078
2 0.0585327 0.885254 0.013916 0.00976562 0.0256958
0 0.641602 0.992188 0.015625 0.0136719 0.0242004
0 0.97583 0.903809 0.0405273 0.0429688 0.0231934
2 0.712891 0.989258 0.0175781 0.0195312 0.0231476
1 0.418701 0.995117 0.0429688 0.00976562 0.0193939
1 0.991211 0.910156 0.015625 0.0302734 0.0187836
2 0.879395 0.916504 0.03125 0.0361328 0.0185699
1 0.916504 0.862305 0.0136719 0.0273438 0.017395
1 0.00750732 0.943359 0.013855 0.0263672 0.0172424
2 0.402832 0.994141 0.0146484 0.0117188 0.0171661
0 0.647949 0.985352 0.0185547 0.0253906 0.0170746
2 0.762695 0.899414 0.0205078 0.0146484 0.0163879
1 0.677734 0.986328 0.0195312 0.0234375 0.0149918
0 0.766602 0.953125 0.0361328 0.0371094 0.0149841
2 0.595703 0.989258 0.0341797 0.0214844 0.0149231
2 0.861816 0.92334 0.0117188 0.0244141 0.0138016
2 0.00704956 0.943359 0.0136108 0.0263672 0.0133591
1 0.43457 0.995117 0.0166016 0.00976562 0.0131989
0 0.595703 0.989258 0.0341797 0.0214844 0.0126572
0 0.753418 0.984131 0.0302734 0.0317383 0.0123749
2 0.928223 0.669922 0.015625 0.0126953 0.0121765
2 0.429932 0.995117 0.0209961 0.00976562 0.0119705
1 0.777832 0.996094 0.0185547 0.0078125 0.0119553
1 0.647949 0.985352 0.0185547 0.0253906 0.0117493
2 0.753418 0.983643 0.0302734 0.0327148 0.011528
0 0.906738 0.914551 0.0322266 0.0361328 0.0104523
1 0.402832 0.994141 0.0146484 0.0117188 0.0103989
2 0.727051 0.975342 0.0302734 0.0317383 0.0102692
2 0.694336 0.97583 0.0341797 0.034668 0.0101013
