1 0.810547 0.60498 0.0791016 0.0410156 0.90625
1 0.226318 0.93335 0.108398 0.0922852 0.896973
2 0.760254 0.0143127 0.0439453 0.0286255 0.81543
0 0.358887 0.474609 0.0351562 0.0625 0.777832
1 0.190063 0.0270844 0.0393066 0.045929 0.775879
2 0.169556 0.981445 0.0756836 0.0371094 0.648926
1 0.505859 0.0191956 0.0400391 0.0383911 0.612305
1 0.583496 0.161865 0.0400391 0.0515137 0.540039
2 0.817383 0.00938416 0.0498047 0.0187683 0.535645
1 0.692383 0.00723267 0.0429688 0.0144653 0.505859
2 0.375 0.240234 0.046875 0.0449219 0.499023
2 0.691895 0.00700378 0.0419922 0.0140076 0.498535
2 0.583984 0.161743 0.0410156 0.0515137 0.244507
0 0.00521851 0.97998 0.010437 0.0400391 0.236572
1 0.358643 0.474487 0.034668 0.0617676 0.214478
0 0.19043 0.0271149 0.0395508 0.0453796 0.14978
2 0.505859 0.0193481 0.0410156 0.0386963 0.144043
1 0.169067 0.981445 0.0734863 0.0371094 0.134521
1 0.00527954 0.979736 0.0105591 0.0405273 0.126343
1 0.739258 0.814453 0.0322266 0.0244141 0.124756
0 0.225342 0.933594 0.109375 0.09375 0.0928955
2 0.809082 0.631348 0.0859375 0.0859375 0.062561
1 0.375732 0.24054 0.0473633 0.0438232 0.0445251
1 0.809082 0.631348 0.0859375 0.0859375 0.041687
0 0.584473 0.161499 0.0410156 0.0532227 0.0294037
2 0.811035 0.606934 0.0810547 0.0458984 0.0173798
1 0.760742 0.0144958 0.0429688 0.0289917 0.0161591
0 0.506348 0.0193787 0.0419922 0.0387573 0.0124283
2 0.447754 0.0512085 0.034668 0.0299072 0.012352
2 0.226318 0.933105 0.108887 0.0927734 0.0123291
0 0.742676 0.814941 0.0419922 0.0234375 0.0123215
