1 0.236572 0.945312 0.0351562 0.0322266 0.927246
0 0.973633 0.962402 0.015625 0.0341797 0.890137
0 0.830566 0.52002 0.0507812 0.0351562 0.875
1 0.302002 0.969971 0.0273438 0.0288086 0.871582
1 0.974854 0.488159 0.0444336 0.0432129 0.842773
1 0.214355 0.94873 0.0268555 0.0341797 0.783203
1 0.226501 0.971436 0.0333252 0.0239258 0.762695
2 0.20813 0.993164 0.0197754 0.0136719 0.687012
0 0.0777588 0.870117 0.0169678 0.0126953 0.438232
0 0.908691 0.989258 0.0195312 0.015625 0.40332
0 0.213928 0.94873 0.0262451 0.0341797 0.400635
1 0.90918 0.989258 0.0205078 0.015625 0.353516
0 0.860352 0.979492 0.0205078 0.0175781 0.322754
1 0.207886 0.992188 0.0192871 0.015625 0.247559
0 0.0135498 0.870117 0.00830078 0.0117188 0.242188
1 0.995605 0.460205 0.00878906 0.0166016 0.209961
0 0.974609 0.487671 0.0429688 0.0432129 0.198364
2 0.226807 0.971436 0.0336914 0.0239258 0.139038
0 0.995605 0.459473 0.00878906 0.015625 0.130371
1 0.991211 0.45874 0.015625 0.0180664 0.0844727
0 0.862305 0.977295 0.0263672 0.0200195 0.0678711
2 0.302002 0.969482 0.0273438 0.027832 0.0591736
2 0.90918 0.989258 0.0205078 0.015625 0.035614
0 0.236816 0.944824 0.034668 0.03125 0.0348206
2 0.206055 0.991211 0.0217285 0.015625 0.0331726
0 0.991211 0.45874 0.015625 0.0180664 0.032135
0 0.867676 0.972656 0.0224609 0.015625 0.0297852
0 0.862305 0.952637 0.0136719 0.0117188 0.0289612
1 0.995117 0.467529 0.00976562 0.0327148 0.0258331
1 0.0133667 0.870117 0.00891113 0.0107422 0.0221863
1 0.972656 0.961914 0.015625 0.0332031 0.019989
1 0.858398 0.979492 0.0166016 0.0175781 0.0168152
0 0.856445 0.981445 0.0136719 0.0136719 0.0157013
0 0.227478 0.970703 0.0328369 0.0253906 0.0144653
2 0.422607 0.773926 0.0366211 0.0380859 0.011734
2 0.235596 0.968262 0.0224609 0.0205078 0.0113602
0 0.864746 0.980469 0.0273438 0.0214844 0.0113068
2 0.236816 0.944824 0.0336914 0.03125 0.0112305
2 0.278076 0.931152 0.0126953 0.00976562 0.0103149
