2 0.405762 0.872559 0.059082 0.0654297 0.924805
2 0.0272217 0.841797 0.0523682 0.0683594 0.908203
2 0.564453 0.0935364 0.0664062 0.071228 0.88916
2 0.301514 0.855957 0.0449219 0.0410156 0.880371
2 0.839355 0.533691 0.0371094 0.0419922 0.875977
1 0.36084 0.842285 0.0444336 0.0527344 0.838867
2 0.630859 0.130005 0.0585938 0.050293 0.767578
2 0.783691 0.45813 0.0292969 0.0612793 0.766113
2 0.431152 0.132202 0.0390625 0.045166 0.625977
2 0.00848389 0.791992 0.0169067 0.0654297 0.617188
2 0.937012 0.526855 0.0253906 0.0253906 0.607422
2 0.503418 0.873047 0.0400391 0.046875 0.237793
2 0.360596 0.842773 0.0439453 0.0527344 0.2052
2 0.62207 0.130981 0.0390625 0.0478516 0.140869
1 0.00836182 0.791992 0.0167236 0.0644531 0.131592
1 0.631348 0.130127 0.0595703 0.0510254 0.112305
2 0.615723 0.133545 0.0292969 0.0429688 0.0502014
2 0.807617 0.92334 0.0253906 0.0185547 0.0483398
1 0.564453 0.0940247 0.0673828 0.0722046 0.0385132
0 0.629883 0.0610962 0.0224609 0.03479 0.0311279
1 0.301025 0.855469 0.0439453 0.0410156 0.0261383
1 0.405518 0.872559 0.059082 0.0634766 0.0255737
2 0.71582 0.196411 0.0273438 0.0292969 0.0243378
1 0.431396 0.131592 0.0395508 0.0471191 0.0227051
1 0.838379 0.53418 0.0371094 0.0410156 0.0215759
1 0.0269775 0.841797 0.0528564 0.0683594 0.0207214
0 0.487305 0.926758 0.0283203 0.0361328 0.0182495
2 0.583496 0.00520325 0.0185547 0.0104065 0.0171051
1 0.62207 0.130981 0.0390625 0.0478516 0.0116348
0 0.64209 0.0666504 0.0419922 0.0500488 0.0109177
