0 0.692383 0.496582 0.0195312 0.0498047 0.64209
0 0.0557709 0.959473 0.0542297 0.0712891 0.585449
0 0.387451 0.987793 0.0722656 0.0244141 0.460449
0 0.810547 0.439697 0.0224609 0.0473633 0.318115
0 0.117432 0.838867 0.0510254 0.0517578 0.278076
0 0.0631714 0.924805 0.0574951 0.0585938 0.21582
0 0.255127 0.932617 0.0385742 0.0458984 0.120056
0 0.806152 0.45752 0.0136719 0.0131836 0.115601
0 0.0819702 0.91748 0.0224609 0.0400391 0.114319
0 0.54834 0.963379 0.0302734 0.0185547 0.113037
0 0.393799 0.990723 0.0600586 0.0185547 0.111938
0 0.51416 0.9646 0.0380859 0.0317383 0.101746
0 0.106445 0.82373 0.03125 0.0253906 0.101257
0 0.474976 0.990234 0.0500488 0.0175781 0.0934448
0 0.0601196 0.946777 0.0603027 0.104492 0.0448914
1 0.388184 0.987305 0.0800781 0.0253906 0.0418091
2 0.588379 0.994141 0.0332031 0.0117188 0.0386963
2 0.581543 0.994141 0.0214844 0.0117188 0.0298157
0 0.368652 0.983398 0.043457 0.0253906 0.026947
0 0.104736 0.83252 0.0395508 0.0390625 0.0265656
0 0.507324 0.965088 0.0517578 0.0366211 0.0255432
0 0.810547 0.43042 0.0195312 0.0268555 0.0225525
2 0.401855 0.0282288 0.0258789 0.0272827 0.0213318
0 0.544434 0.960693 0.0224609 0.0161133 0.0209503
0 0.0796204 0.918945 0.0302124 0.0458984 0.0207825
1 0.0344238 0.988281 0.0213623 0.0175781 0.0201874
0 0.495117 0.965332 0.0751953 0.0556641 0.0200806
0 0.52832 0.9646 0.0703125 0.0317383 0.017807
0 0.478638 0.963867 0.0544434 0.046875 0.0177612
0 0.0406342 0.982422 0.0378723 0.0292969 0.016922
0 0.812012 0.425781 0.0185547 0.0180664 0.0167999
2 0.601562 0.994141 0.03125 0.0117188 0.0158539
1 0.692871 0.49707 0.0185547 0.0488281 0.0150833
0 0.0344238 0.988281 0.0213623 0.0175781 0.0148697
2 0.594727 0.993164 0.0380859 0.0117188 0.0144958
1 0.595215 0.994141 0.0400391 0.0117188 0.0141983
0 0.684082 0.500488 0.0253906 0.0419922 0.0134277
0 0.475952 0.97583 0.0529785 0.0366211 0.0132065
0 0.0518188 0.982422 0.0577393 0.0273438 0.0128098
1 0.255371 0.932617 0.0380859 0.0458984 0.0119019
2 0.473999 0.991211 0.0510254 0.0175781 0.0113754
1 0.368164 0.983398 0.0361328 0.0253906 0.0113297
0 0.494629 0.972412 0.0507812 0.0395508 0.0111084
1 0.810547 0.439453 0.0234375 0.0488281 0.0110855
0 0.132202 0.859375 0.0195312 0.0126953 0.0108185
1 0.0406342 0.982422 0.0378723 0.0292969 0.0106583
0 0.688965 0.490234 0.0185547 0.0380859 0.0105743
