2 0.956543 0.0877075 0.0302734 0.0321045 0.944824
2 0.779785 0.694824 0.0351562 0.0292969 0.890625
2 0.96875 0.247314 0.0273438 0.027832 0.873535
1 0.885742 0.578613 0.0322266 0.0341797 0.861328
2 0.967773 0.115967 0.0253906 0.027832 0.849121
2 0.979492 0.100739 0.0253906 0.0289917 0.842285
2 0.805664 0.696777 0.0263672 0.0283203 0.827637
2 0.992188 0.270752 0.015625 0.0268555 0.82373
2 0.918945 0.0441895 0.0234375 0.0262451 0.820801
2 0.574219 0.604004 0.015625 0.0205078 0.769531
2 0.899902 0.0789185 0.0263672 0.0256348 0.726562
2 0.889648 0.650391 0.0273438 0.0185547 0.647461
2 0.85498 0.59082 0.0175781 0.0253906 0.481445
2 0.885742 0.578613 0.0322266 0.0332031 0.480469
2 0.271484 0.664062 0.0229492 0.0126953 0.475586
2 0.937012 0.430908 0.0195312 0.0185547 0.374268
1 0.271729 0.663574 0.0224609 0.0117188 0.278809
2 0.978516 0.2771 0.015625 0.0185547 0.275635
2 0.905273 0.65918 0.0117188 0.0146484 0.236816
2 0.566895 0.592773 0.0126953 0.015625 0.216309
1 0.980469 0.100677 0.0253906 0.0291138 0.17395
2 0.552734 0.85791 0.0185547 0.0175781 0.158813
2 0.85498 0.521973 0.0283203 0.0224609 0.148804
2 0.982422 0.123413 0.0136719 0.0187988 0.0962524
2 0.662109 0.802246 0.0234375 0.0185547 0.0942383
1 0.922852 0.354736 0.0166016 0.0209961 0.056488
1 0.889648 0.650391 0.0273438 0.0175781 0.0518494
1 0.855469 0.520996 0.0283203 0.0195312 0.0493469
2 0.79834 0.692383 0.0205078 0.0273438 0.0418396
1 0.918945 0.0440674 0.0234375 0.0268555 0.0387573
1 0.805664 0.696289 0.0263672 0.0292969 0.0354919
1 0.905273 0.65918 0.0126953 0.015625 0.0303802
1 0.992188 0.270996 0.015625 0.0268555 0.0285492
0 0.949707 0.246582 0.0117188 0.019043 0.0261383
1 0.780273 0.694824 0.0361328 0.0302734 0.0253601
1 0.553223 0.539062 0.0117188 0.015625 0.0232544
1 0.967773 0.115967 0.0253906 0.0275879 0.0226746
2 0.971924 0.428711 0.0151367 0.012207 0.0223083
2 0.307129 0.688965 0.0141602 0.015625 0.0199585
1 0.955811 0.087738 0.0297852 0.03302 0.0172119
2 0.16333 0.621094 0.0183105 0.0166016 0.0163574
2 0.778809 0.557129 0.0146484 0.0117188 0.0163574
2 0.922852 0.35498 0.0175781 0.0205078 0.0161285
2 0.994141 0.130005 0.00976562 0.0170898 0.0153656
2 0.57959 0.593262 0.0107422 0.0126953 0.0132904
2 0.569336 0.589844 0.0166016 0.0146484 0.0123062
1 0.968018 0.247559 0.0268555 0.027832 0.0119858
2 0.569336 0.541016 0.0146484 0.0146484 0.0115051
1 0.85498 0.59082 0.0175781 0.0273438 0.0113525
0 0.922852 0.35498 0.0166016 0.0214844 0.0112305
