0 0.201233 0.697266 0.0784912 0.0703125 0.932617
0 0.0365143 0.575195 0.0717468 0.0761719 0.925781
0 0.324707 0.753418 0.0732422 0.0585938 0.911621
0 0.332031 0.673828 0.0673828 0.0742188 0.908691
0 0.173828 0.646973 0.0727539 0.0751953 0.899902
0 0.112671 0.109375 0.0678711 0.0754395 0.880859
0 0.0532227 0.412109 0.0319824 0.0634766 0.867188
0 0.0428467 0.345459 0.0466309 0.0532227 0.865234
0 0.317383 0.0719299 0.0258789 0.0670776 0.859863
0 0.403076 0.738281 0.0834961 0.0761719 0.859863
0 0.0791626 0.623047 0.0794678 0.0839844 0.831543
0 0.0180664 0.445923 0.0361328 0.0534668 0.810547
0 0.171021 0.560059 0.0625 0.0742188 0.727539
0 0.209717 0.38501 0.0263672 0.0341797 0.71875
0 0.0924988 0.147461 0.0474243 0.0446777 0.682129
0 0.0326538 0.640137 0.0653076 0.0849609 0.672363
0 0.205627 0.352295 0.02771 0.0385742 0.664551
0 0.377686 0.0455933 0.0361328 0.0911865 0.619141
0 0.205078 0.338135 0.0297852 0.065918 0.468994
0 0.0318604 0.419922 0.0250244 0.043457 0.461426
0 0.0857544 0.145386 0.0316162 0.0390625 0.308105
0 0.0195312 0.63623 0.0369873 0.0800781 0.307861
0 0.352051 0.0473633 0.0737305 0.0910645 0.253662
1 0.0438232 0.262451 0.0351562 0.0380859 0.243896
1 0.0195312 0.63623 0.0369873 0.0800781 0.181641
1 0.0307312 0.637695 0.0614624 0.0878906 0.17395
0 0.0577393 0.674316 0.0452881 0.0332031 0.120789
0 0.203003 0.318604 0.0212402 0.0253906 0.112061
0 0.0440063 0.262451 0.036377 0.0385742 0.0964355
0 0.204346 0.404785 0.0131836 0.0136719 0.0792847
1 0.0535278 0.411865 0.0302734 0.0634766 0.0770264
1 0.306885 0.720215 0.0444336 0.0234375 0.0764771
1 0.0366211 0.574707 0.0721436 0.0742188 0.0721436
0 0.383545 0.699219 0.065918 0.0419922 0.0708618
0 0.024231 0.663086 0.0457764 0.0351562 0.0560608
0 0.375 0.0883789 0.0136719 0.0212402 0.0534363
0 0.204712 0.323486 0.0253906 0.0351562 0.0514832
0 0.306885 0.72168 0.0458984 0.0214844 0.0460205
1 0.0220337 0.663574 0.0421143 0.0332031 0.0455627
1 0.171021 0.560059 0.0625 0.0742188 0.0444031
1 0.0577393 0.674316 0.0452881 0.0332031 0.0377197
1 0.201172 0.697266 0.078125 0.0703125 0.0367432
1 0.202271 0.317871 0.020752 0.0249023 0.0347595
0 0.0223694 0.429688 0.0437622 0.0703125 0.033905
1 0.403076 0.737793 0.0825195 0.0771484 0.0321045
0 0.0948486 0.643555 0.0405273 0.0400391 0.0295563
2 0.044632 0.262451 0.0347595 0.0375977 0.0292206
2 0.522461 0.861328 0.0244141 0.0224609 0.0290527
1 0.331787 0.67334 0.0678711 0.0742188 0.0276642
0 0.378418 0.0307617 0.0327148 0.0604248 0.0264893
0 0.393066 0.697754 0.0483398 0.0341797 0.0250244
1 0.317383 0.0715332 0.0258789 0.0661621 0.0249329
2 0.0578613 0.674316 0.0452881 0.0332031 0.0220032
1 0.00535583 0.686035 0.0107117 0.0263672 0.0180054
1 0.324707 0.75293 0.0737305 0.0605469 0.0177917
0 0.210327 0.393066 0.0266113 0.0351562 0.0173035
1 0.0175476 0.446655 0.0350952 0.0510254 0.0171204
1 0.377686 0.0380249 0.0332031 0.0739746 0.0163269
0 0.024353 0.261963 0.0201416 0.034668 0.0161285
1 0.112823 0.109253 0.0682983 0.0756836 0.0154724
1 0.0430908 0.345215 0.046875 0.0541992 0.014183
1 0.0318604 0.419922 0.0250244 0.043457 0.0139389
0 0.0273132 0.278564 0.0187378 0.0205078 0.0135345
1 0.174194 0.645996 0.0710449 0.0732422 0.0130386
0 0.0975037 0.166748 0.0220337 0.0148926 0.0129547
0 0.0801392 0.14502 0.0217285 0.0354004 0.0126572
0 0.200073 0.315674 0.017334 0.0214844 0.0123062
0 0.369141 0.706543 0.0419922 0.0302734 0.0114975
0 0.0983582 0.158325 0.0298462 0.0273438 0.0109482
0 0.201172 0.398926 0.0141602 0.0224609 0.0108414
0 0.0106964 0.468628 0.0213928 0.0129395 0.0108185
0 0.379395 0.0179443 0.03125 0.0358887 0.0107727
1 0.0857544 0.145386 0.0318604 0.0395508 0.0105743
0 0.0300598 0.656738 0.0563354 0.0458984 0.0104141
0 0.137451 0.585938 0.043457 0.0380859 0.0100555
