1 0.318848 0.949219 0.0566406 0.101562 0.607422
0 0.169189 0.539062 0.125 0.100586 0.463379
0 0.624023 0.272949 0.0546875 0.0805664 0.358643
1 0.168091 0.541016 0.128662 0.104492 0.295898
0 0.614746 0.257568 0.0390625 0.0541992 0.269043
1 0.877441 0.975586 0.0488281 0.0429688 0.11908
1 0.91748 0.849121 0.139648 0.0859375 0.0980835
1 0.135254 0.516602 0.059082 0.0556641 0.0949097
0 0.626953 0.295166 0.0390625 0.0332031 0.0904541
0 0.902344 0.885742 0.150391 0.163086 0.0698242
1 0.902344 0.88623 0.148438 0.165039 0.0668335
0 0.981445 0.741699 0.0371094 0.150391 0.0602722
0 0.320068 0.947754 0.0600586 0.104492 0.0588684
2 0.318848 0.948242 0.0571289 0.103516 0.0495605
0 0.985352 0.700684 0.0292969 0.0585938 0.0412292
0 0.189941 0.542969 0.0957031 0.105469 0.0231934
0 0.626953 0.288086 0.0449219 0.0517578 0.0228577
1 0.91748 0.977539 0.0888672 0.0449219 0.0190125
1 0.985352 0.700684 0.0292969 0.0585938 0.0163727
1 0.981445 0.741699 0.0371094 0.148438 0.0162506
1 0.846191 0.928223 0.102539 0.143555 0.0161285
1 0.397705 0.876953 0.0600586 0.0751953 0.0149384
1 0.876953 0.970459 0.0566406 0.059082 0.0142136
0 0.984375 0.711426 0.03125 0.09375 0.0141068
1 0.304688 0.929443 0.0307617 0.0864258 0.0136414
1 0.119263 0.518555 0.0415039 0.0527344 0.012352
1 0.883789 0.975586 0.0332031 0.0371094 0.0103683
0 0.220764 0.562988 0.0335693 0.0927734 0.0101624
