1 0.513672 0.925293 0.0712891 0.0761719 0.939453
1 0.431396 0.90625 0.0551758 0.0507812 0.859375
0 0.456421 0.954346 0.0773926 0.0854492 0.715332
1 0.456665 0.954102 0.0769043 0.0839844 0.570312
2 0.424072 0.226318 0.0136719 0.0161133 0.178223
1 0.424072 0.226318 0.0136719 0.0161133 0.131592
1 0.391113 0.263428 0.0219727 0.012207 0.0560608
2 0.391357 0.263184 0.0219727 0.0112305 0.0375671
2 0.410156 0.27417 0.0161133 0.0151367 0.0317078
1 0.420654 0.895508 0.0336914 0.03125 0.0307159
2 0.677246 0.624023 0.0146484 0.0175781 0.0278625
0 0.431152 0.90625 0.0571289 0.0527344 0.0227356
2 0.682617 0.647949 0.0244141 0.0283203 0.022049
0 0.513672 0.925781 0.0722656 0.0761719 0.0213776
2 0.513672 0.924805 0.0703125 0.0751953 0.014595
2 0.0791626 0.902832 0.0145264 0.015625 0.0115662
