1 0.75293 0.855957 0.0742188 0.0595703 0.958496
1 0.478149 0.220764 0.0446777 0.0452881 0.95166
1 0.826172 0.340088 0.0488281 0.0449219 0.951172
1 0.48877 0.186523 0.0488281 0.0439453 0.944336
1 0.940918 0.336182 0.0341797 0.0522461 0.943359
1 0.442871 0.174683 0.0458984 0.0515137 0.938477
1 0.28418 0.0999451 0.0439453 0.0454712 0.930176
1 0.971924 0.389404 0.0463867 0.0458984 0.925293
1 0.883301 0.887207 0.0478516 0.0654297 0.905273
1 0.962158 0.280029 0.0463867 0.0375977 0.901367
1 0.853027 0.374512 0.0419922 0.0454102 0.900391
1 0.250977 0.121948 0.0439453 0.0361328 0.89209
1 0.473999 0.256836 0.0285645 0.0371094 0.889648
1 0.508301 0.243652 0.0419922 0.0458984 0.883301
1 0.84375 0.857422 0.0683594 0.0390625 0.878418
1 0.295166 0.537598 0.0327148 0.0410156 0.87793
1 0.665527 0.682617 0.0263672 0.0410156 0.876953
1 0.312744 0.585938 0.0288086 0.0449219 0.876953
1 0.201904 0.0957947 0.0336914 0.0388794 0.873535
1 0.61377 0.221008 0.0400391 0.0452881 0.855957
2 0.773926 0.222107 0.0390625 0.0235596 0.854492
1 0.865234 0.341553 0.0224609 0.0288086 0.853516
1 0.281982 0.500488 0.0488281 0.0429688 0.842773
1 0.433105 0.204956 0.0385742 0.0378418 0.833984
1 0.618652 0.271484 0.0234375 0.0253906 0.833984
1 0.788574 0.887207 0.0634766 0.0595703 0.830566
1 0.65918 0.634766 0.0263672 0.0400391 0.820312
0 0.276367 0.576172 0.0463867 0.0458984 0.813477
1 0.831055 0.30127 0.0322266 0.0375977 0.803223
1 0.909668 0.478516 0.0166016 0.0322266 0.800293
1 0.911133 0.312988 0.0429688 0.0400391 0.763672
0 0.719238 0.667969 0.046875 0.0341797 0.743164
1 0.250732 0.0934448 0.0249023 0.0318604 0.721191
1 0.958252 0.298828 0.0483398 0.0395508 0.70752
1 0.841797 0.804688 0.0683594 0.0302734 0.702148
1 0.992188 0.308105 0.0136719 0.0327148 0.686523
1 0.882812 0.491211 0.0253906 0.0224609 0.641113
1 0.877441 0.359131 0.0175781 0.0405273 0.619141
1 0.583008 0.201294 0.0439453 0.0200195 0.59668
0 0.967041 0.907227 0.0249023 0.0224609 0.594727
0 0.537598 0.210327 0.0498047 0.0314941 0.588379
1 0.276367 0.575684 0.0463867 0.0458984 0.568848
1 0.537598 0.210388 0.0498047 0.0308838 0.5625
1 0.908203 0.280273 0.0253906 0.03125 0.53125
1 0.911133 0.193115 0.0527344 0.0231934 0.455078
0 0.212769 0.00860596 0.0158691 0.0144653 0.437744
0 0.788574 0.887207 0.0634766 0.0595703 0.411377
0 0.683594 0.682129 0.0283203 0.0419922 0.405518
0 0.583984 0.201538 0.046875 0.0187988 0.382324
1 0.891602 0.483887 0.0380859 0.0332031 0.34375
1 0.612793 0.23584 0.0371094 0.015625 0.321289
0 0.65918 0.634766 0.0263672 0.0410156 0.2854
0 0.841309 0.804688 0.0664062 0.0292969 0.275391
1 0.92627 0.478516 0.0107422 0.0214844 0.255615
0 0.831055 0.30127 0.0322266 0.0371094 0.24646
0 0.599121 0.775879 0.0185547 0.0146484 0.24231
1 0.681641 0.682129 0.0302734 0.0410156 0.232422
1 0.902344 0.215393 0.0478516 0.0482178 0.22522
0 0.992188 0.308105 0.015625 0.0332031 0.206299
0 0.665527 0.682617 0.0263672 0.0419922 0.187622
0 0.986328 0.240234 0.0273438 0.0224609 0.180054
0 0.708496 0.674316 0.0683594 0.0458984 0.173706
1 0.898438 0.224609 0.0410156 0.0307617 0.163818
1 0.95166 0.296631 0.0322266 0.0361328 0.145752
1 0.00254822 0.317627 0.00509644 0.0258789 0.130493
0 0.908203 0.280518 0.0253906 0.03125 0.123901
2 0.433105 0.205017 0.0395508 0.0386963 0.117554
1 0.89209 0.480347 0.0498047 0.0412598 0.113892
1 0.95166 0.428955 0.0273438 0.0444336 0.0952759
0 0.876953 0.359131 0.0185547 0.0400391 0.0908203
0 0.910645 0.311035 0.0429688 0.0356445 0.0877686
1 0.90918 0.306641 0.0400391 0.0273438 0.0830688
1 0.774414 0.221863 0.0400391 0.0240479 0.0772705
1 0.898926 0.230225 0.0439453 0.0180664 0.0770874
0 0.618652 0.271484 0.0234375 0.0253906 0.0762939
1 0.61377 0.233887 0.0390625 0.0229492 0.0653076
1 0.619629 0.216797 0.0292969 0.0361328 0.064209
1 0.966797 0.907227 0.0253906 0.0224609 0.0610352
0 0.283691 0.100098 0.0444336 0.0461426 0.0560608
1 0.945312 0.443604 0.0126953 0.0151367 0.0504456
0 0.899414 0.215149 0.0419922 0.0467529 0.0470581
0 0.576172 0.202148 0.0332031 0.0187988 0.046936
1 0.996094 0.381836 0.0078125 0.0205078 0.0455322
1 0.507324 0.259033 0.0400391 0.015625 0.0450745
1 0.979736 0.303223 0.0268555 0.0283203 0.0449829
0 0.312744 0.585449 0.0283203 0.0439453 0.0443726
0 0.753418 0.855469 0.0742188 0.0595703 0.0440674
0 0.508301 0.244141 0.0419922 0.0458984 0.0429077
1 0.878418 0.360596 0.0253906 0.0415039 0.0402832
0 0.910645 0.193237 0.0527344 0.0234375 0.0379944
0 0.883789 0.88623 0.0478516 0.0634766 0.0379333
1 0.623047 0.2052 0.0224609 0.0131836 0.0375977
0 0.442627 0.174316 0.0449219 0.0507812 0.0364685
2 0.474243 0.256592 0.0280762 0.0371094 0.0339966
1 0.955566 0.404541 0.0195312 0.0380859 0.0326233
0 0.962158 0.280273 0.0483398 0.0371094 0.0322876
2 0.201782 0.0960693 0.0332031 0.0388184 0.032196
1 0.838867 0.789551 0.0683594 0.0488281 0.0302582
0 0.853027 0.374268 0.0419922 0.0449219 0.0302124
0 0.842285 0.857422 0.0693359 0.0390625 0.0294952
0 0.811523 0.769531 0.0146484 0.0166016 0.0283051
1 0.483887 0.995117 0.0253906 0.00976562 0.0282593
0 0.985352 0.234131 0.0292969 0.0356445 0.0278168
0 0.61377 0.220886 0.0400391 0.0455322 0.0276489
1 0.844238 0.798828 0.0693359 0.0224609 0.0250092
0 0.699219 0.679688 0.0566406 0.0488281 0.0248718
0 0.223328 0.0162964 0.0108643 0.0136108 0.0229492
1 0.212585 0.00872803 0.0162354 0.0150757 0.0229034
1 0.576172 0.202148 0.0341797 0.019043 0.0222931
0 0.865234 0.341553 0.0214844 0.0288086 0.0216675
1 0.572266 0.201294 0.0234375 0.0187988 0.0212097
1 0.720703 0.667969 0.0449219 0.0341797 0.0207825
0 0.825684 0.340332 0.0488281 0.0454102 0.0195618
1 0.598633 0.775879 0.0195312 0.0146484 0.0194397
1 0.508301 0.254639 0.0410156 0.0258789 0.0193481
2 0.165527 0.578125 0.019043 0.0185547 0.0191345
1 0.973633 0.303467 0.0371094 0.0317383 0.019043
0 0.488281 0.186279 0.0488281 0.0437012 0.0187073
0 0.688965 0.682617 0.0410156 0.0449219 0.0184479
2 0.507324 0.244385 0.0419922 0.0458984 0.0170593
2 0.865234 0.341309 0.0234375 0.0288086 0.016983
1 0.875488 0.353516 0.0136719 0.0322266 0.0163269
0 0.959717 0.300049 0.0551758 0.0424805 0.0156097
0 0.940918 0.337158 0.0341797 0.0512695 0.0149155
1 0.811523 0.77002 0.015625 0.0175781 0.0144882
0 0.92627 0.478516 0.0107422 0.0214844 0.014473
0 0.910156 0.478516 0.0166016 0.0322266 0.0142365
2 0.882812 0.491211 0.0253906 0.0234375 0.0138092
0 0.250732 0.121826 0.0439453 0.0356445 0.0138016
2 0.843262 0.857422 0.0683594 0.0390625 0.0133972
1 0.594727 0.197998 0.0361328 0.012207 0.0133972
0 0.21814 0.0140381 0.0148926 0.015625 0.0131454
0 0.478149 0.220947 0.0437012 0.0439453 0.0124359
2 0.250488 0.0934753 0.0249023 0.0315552 0.0121002
0 0.570312 0.202515 0.0214844 0.0185547 0.0119553
1 0.00314331 0.317627 0.00628662 0.027832 0.0117188
2 0.97168 0.389648 0.046875 0.0458984 0.0117035
2 0.882812 0.886719 0.046875 0.0644531 0.0114975
0 0.844238 0.798828 0.0693359 0.0224609 0.0112381
0 0.62207 0.204468 0.0195312 0.0109863 0.0111694
0 0.295166 0.537598 0.0327148 0.0419922 0.0108337
1 0.223328 0.0162964 0.0108643 0.0136108 0.0106201
2 0.295166 0.537598 0.0327148 0.0419922 0.0105896
0 0.250244 0.0933838 0.0253906 0.0319824 0.0104523
0 0.598633 0.779297 0.0205078 0.0234375 0.0104294
2 0.94043 0.335938 0.0341797 0.0527344 0.0100708
