2 0.624023 0.199036 0.0517578 0.0560303 0.933105
2 0.97583 0.190796 0.0463867 0.0541992 0.864746
2 0.665527 0.209656 0.0400391 0.0533447 0.842773
2 0.952148 0.22113 0.0507812 0.0509033 0.766113
1 0.97583 0.19043 0.0463867 0.0534668 0.598633
2 0.358398 0.300049 0.0209961 0.0283203 0.360107
2 0.869629 0.770508 0.0205078 0.0166016 0.0430908
1 0.623535 0.198547 0.0527344 0.0565186 0.0384827
1 0.952637 0.221252 0.0498047 0.0516357 0.0266266
2 0.925781 0.800781 0.0273438 0.0283203 0.0261993
2 0.672852 0.0951233 0.0146484 0.0170288 0.021286
0 0.197876 0.233459 0.0136719 0.039917 0.0186005
1 0.358398 0.300049 0.0209961 0.0288086 0.0145264
2 0.871094 0.772949 0.0244141 0.0224609 0.0140305
2 0.878906 0.767578 0.0175781 0.0185547 0.0132599
0 0.210999 0.226746 0.0360107 0.0484619 0.0128555
1 0.672852 0.0945129 0.015625 0.0180054 0.0115585
2 0.365234 0.213501 0.0102539 0.0197754 0.0103836
