0 0.348145 0.77002 0.0380859 0.0488281 0.874023
1 0.600098 0.0374298 0.0390625 0.0352478 0.868164
0 0.333496 0.44812 0.0375977 0.0441895 0.867188
1 0.911133 0.97168 0.0410156 0.0507812 0.80127
0 0.557129 0.554688 0.0195312 0.0185547 0.504883
0 0.700195 0.663574 0.0195312 0.0253906 0.399902
0 0.910645 0.97168 0.0419922 0.0507812 0.352295
1 0.557129 0.554688 0.0205078 0.0185547 0.307373
0 0.764648 0.696289 0.00976562 0.00976562 0.144531
1 0.333496 0.448364 0.0380859 0.0446777 0.120972
0 0.600586 0.0371246 0.0390625 0.035614 0.0927734
2 0.304443 0.435547 0.0219727 0.0170898 0.0817871
1 0.765137 0.695801 0.00878906 0.00878906 0.0675049
1 0.3479 0.770508 0.0375977 0.0498047 0.0491028
1 0.304199 0.435547 0.0229492 0.0170898 0.0311432
1 0.624512 0.890137 0.0214844 0.0214844 0.0267639
2 0.0236511 0.438232 0.0331421 0.0229492 0.0157471
2 0.302246 0.0058136 0.0307617 0.0116272 0.0153275
0 0.304199 0.435303 0.0229492 0.0175781 0.0133667
2 0.00453186 0.23999 0.00906372 0.015625 0.011467
2 0.557129 0.554688 0.0195312 0.0185547 0.011467
