2 0.812988 0.92627 0.0517578 0.0585938 0.865234
2 0.930664 0.975586 0.0371094 0.046875 0.775879
2 0.679199 0.262695 0.0253906 0.0268555 0.748047
2 0.962891 0.157959 0.015625 0.0349121 0.65625
2 0.929688 0.162476 0.0244141 0.03125 0.651855
2 0.899414 0.160156 0.0341797 0.0339355 0.580566
2 0.737793 0.944336 0.0136719 0.0146484 0.538574
2 0.830566 0.985352 0.0371094 0.0273438 0.496826
1 0.899414 0.159912 0.0332031 0.0336914 0.465576
1 0.970947 0.19751 0.0288086 0.0148926 0.452637
1 0.624023 0.0361786 0.0654297 0.0594788 0.37793
2 0.233398 0.469116 0.0161133 0.0256348 0.24353
2 0.654297 0.26001 0.0195312 0.0234375 0.167725
0 0.970703 0.197266 0.0273438 0.0144043 0.141113
1 0.830566 0.985352 0.0371094 0.0292969 0.125854
1 0.931152 0.975586 0.0371094 0.046875 0.112
2 0.655762 0.262207 0.0253906 0.0268555 0.0689087
1 0.543457 0.126465 0.0332031 0.0314941 0.0673218
2 0.969727 0.197876 0.0292969 0.0158691 0.0619812
2 0.385986 0.931641 0.0576172 0.0664062 0.0550232
2 0.136963 0.453369 0.0241699 0.0136719 0.0472107
2 0.563965 0.119507 0.0117188 0.0158691 0.0405273
1 0.813477 0.926758 0.0517578 0.0566406 0.037323
2 0.964844 0.146851 0.0195312 0.0551758 0.0341797
2 0.944336 0.141724 0.00976562 0.0166016 0.0328979
2 0.597168 0.959473 0.0341797 0.0283203 0.0306396
0 0.624512 0.0360718 0.0644531 0.0570068 0.026001
2 0.539062 0.136963 0.0195312 0.0114746 0.0219269
1 0.551758 0.117676 0.0136719 0.0124512 0.0204773
2 0.543457 0.125732 0.0332031 0.032959 0.02034
1 0.738281 0.944336 0.0136719 0.0146484 0.0202026
2 0.946777 0.141968 0.015625 0.0185547 0.0189667
1 0.563965 0.119385 0.0117188 0.0144043 0.0185547
1 0.550293 0.118652 0.0185547 0.0148926 0.0180359
2 0.650391 0.26123 0.0253906 0.0253906 0.0179443
2 0.80127 0.904297 0.0283203 0.0244141 0.0148392
2 0.730957 0.00982666 0.0205078 0.0177612 0.0100708
