0 0.501953 0.977295 0.0751953 0.0454102 0.936523
0 0.584961 0.965088 0.0820312 0.0678711 0.925781
0 0.617188 0.960693 0.0332031 0.0571289 0.758789
2 0.456787 0.989258 0.0268555 0.0195312 0.23938
0 0.614746 0.989258 0.0332031 0.0195312 0.187622
1 0.553711 0.884277 0.015625 0.0175781 0.130249
1 0.501587 0.977295 0.0759277 0.0454102 0.0377197
1 0.617676 0.95874 0.0322266 0.0532227 0.0312042
1 0.61377 0.990234 0.0351562 0.0195312 0.0292816
1 0.583984 0.965576 0.0810547 0.0688477 0.0291138
0 0.456543 0.989258 0.0283203 0.0195312 0.0198669
2 0.553711 0.884277 0.015625 0.0185547 0.0192413
2 0.477051 0.863281 0.0136719 0.0273438 0.0164032
2 0.980225 0.965332 0.027832 0.0341797 0.0143204
0 0.553711 0.884277 0.015625 0.0185547 0.0135803
