2 0.777832 0.0462646 0.0517578 0.0922852 0.0626221
0 0.188538 0.865723 0.0614014 0.0195312 0.0262299
0 0.180542 0.869629 0.0773926 0.0214844 0.0248108
0 0.0432739 0.329346 0.0306396 0.0239258 0.0240936
2 0.379883 0.0866699 0.0356445 0.0371094 0.0185394
2 0.173584 0.736328 0.0246582 0.0224609 0.014389
2 0.300781 0.0317993 0.0708008 0.0628662 0.0128632
0 0.321777 0.722656 0.0361328 0.0214844 0.0117798
0 0.203491 0.858398 0.0300293 0.0195312 0.0101166
0 0.197449 0.862793 0.0435791 0.0185547 0.0100555
