0 0.333496 0.294434 0.0805664 0.0712891 0.959961
0 0.646484 0.786133 0.0458984 0.0664062 0.95166
0 0.304443 0.358398 0.0742188 0.0810547 0.951172
0 0.395752 0.26123 0.0512695 0.0454102 0.905273
0 0.230713 0.980469 0.0214844 0.0390625 0.884277
0 0.494141 0.740723 0.0507812 0.0585938 0.878906
0 0.369629 0.356934 0.0395508 0.0625 0.874512
0 0.808594 0.985352 0.0371094 0.0292969 0.85498
0 0.350098 0.661133 0.0341797 0.0566406 0.851562
0 0.839355 0.964111 0.0380859 0.034668 0.825684
0 0.866211 0.957275 0.0166016 0.034668 0.618652
2 0.364258 0.192261 0.0390625 0.0351562 0.377441
0 0.465454 0.770508 0.0163574 0.0361328 0.340088
0 0.861328 0.956543 0.0244141 0.0341797 0.171387
2 0.513672 0.61377 0.0244141 0.0214844 0.0855713
1 0.6875 0.70752 0.0273438 0.0625 0.079834
2 0.51709 0.615723 0.0185547 0.0195312 0.0773315
0 0.234863 0.939941 0.0146484 0.03125 0.0350647
2 0.859863 0.807617 0.0371094 0.0566406 0.031189
2 0.505859 0.611816 0.0136719 0.0185547 0.0293121
0 0.467651 0.764648 0.0178223 0.0371094 0.0264893
0 0.819336 0.980469 0.0166016 0.0195312 0.0238495
1 0.395264 0.26123 0.0517578 0.0449219 0.0219116
1 0.303711 0.357666 0.074707 0.081543 0.0215607
0 0.825684 0.958252 0.015625 0.0229492 0.0198669
1 0.645996 0.785645 0.0478516 0.0644531 0.0180054
1 0.33374 0.294434 0.0805664 0.0712891 0.0175018
1 0.808594 0.985352 0.0380859 0.0292969 0.0163727
2 0.6875 0.70752 0.0273438 0.0625 0.0163269
1 0.513672 0.61377 0.0263672 0.0214844 0.0142059
2 0.866211 0.738281 0.0292969 0.0390625 0.0128403
0 0.643066 0.814453 0.0419922 0.0078125 0.0125198
1 0.49353 0.740723 0.0500488 0.0576172 0.0119934
