0 0.0254822 0.134277 0.0509644 0.0563965 0.949707
0 0.0248413 0.207031 0.0496826 0.0532227 0.9375
0 0.0471191 0.165527 0.048584 0.0512695 0.902832
0 0.00956726 0.0994873 0.0191345 0.0476074 0.750488
0 0.225342 0.568848 0.0141602 0.0136719 0.416748
0 0.281738 0.743164 0.0307617 0.0244141 0.0721436
2 0.00723267 0.895996 0.0139771 0.0292969 0.0387268
2 0.540527 0.977539 0.0439453 0.0429688 0.028717
0 0.0110779 0.109497 0.0213623 0.0483398 0.0176086
1 0.225098 0.568359 0.0146484 0.0136719 0.0158234
0 0.00991821 0.0874939 0.0198364 0.050354 0.0152206
1 0.416992 0.993164 0.0200195 0.0117188 0.015007
2 0.777344 0.481445 0.0351562 0.0292969 0.012291
0 0.011795 0.102264 0.0235901 0.053772 0.011879
