2 0.653809 0.0507812 0.0371094 0.0367432 0.918457
2 0.620117 0.025177 0.0361328 0.0331421 0.895508
2 0.708008 0.0388794 0.0400391 0.0401611 0.877441
2 0.756348 0.0386963 0.0341797 0.0389404 0.859375
0 0.635742 0.780762 0.0234375 0.0488281 0.857422
1 0.686035 0.0160522 0.0410156 0.0318604 0.839844
2 0.633789 0.0124664 0.03125 0.0249329 0.815918
0 0.595215 0.0856323 0.0205078 0.0306396 0.799805
2 0.671387 0.0371094 0.0322266 0.0338135 0.766113
2 0.237061 0.830078 0.0224609 0.0214844 0.700195
1 0.194214 0.113037 0.0268555 0.0300293 0.695312
0 0.80957 0.873047 0.0664062 0.0566406 0.645508
1 0.0523071 0.365967 0.0197754 0.0341797 0.636719
1 0.809082 0.873047 0.0664062 0.0566406 0.589844
1 0.673828 0.0686646 0.0166016 0.0340576 0.551758
0 0.847168 0.876953 0.0283203 0.0488281 0.467041
2 0.658203 0.0780029 0.0195312 0.0224609 0.429932
1 0.665039 0.0845947 0.0253906 0.0251465 0.354248
0 0.194458 0.113159 0.026123 0.0300293 0.327637
0 0.673828 0.0687256 0.0166016 0.0344238 0.28125
2 0.61084 0.771484 0.0224609 0.0244141 0.221191
1 0.70752 0.0383301 0.0400391 0.039917 0.208252
2 0.663574 0.0813599 0.0283203 0.0267334 0.187622
2 0.231018 0.292725 0.0286865 0.0288086 0.151733
1 0.671387 0.0367432 0.03125 0.0339355 0.139404
2 0.628418 0.0171051 0.0263672 0.0290222 0.12915
2 0.178589 0.641113 0.0195312 0.0126953 0.12384
1 0.231018 0.292725 0.0286865 0.0288086 0.109497
2 0.666016 0.0858154 0.0283203 0.0212402 0.104675
1 0.594727 0.0854492 0.0205078 0.0307617 0.0811768
0 0.643066 0.0884399 0.0292969 0.0115967 0.0622559
0 0.685547 0.0158997 0.0400391 0.031311 0.0539856
2 0.620117 0.00572205 0.0185547 0.0114441 0.0444336
1 0.643066 0.0884399 0.0292969 0.0115967 0.0428467
1 0.652832 0.0887756 0.0126953 0.0119019 0.04245
1 0.657715 0.0793457 0.0214844 0.0236816 0.040863
0 0.631836 0.0883179 0.00878906 0.00866699 0.0403137
1 0.769043 0.117554 0.0185547 0.0231934 0.0387268
1 0.63623 0.780762 0.0234375 0.0488281 0.038208
0 0.0526123 0.365479 0.019165 0.0336914 0.0371704
1 0.65332 0.0505371 0.0371094 0.0384521 0.0302887
0 0.851074 0.870117 0.0283203 0.0351562 0.0276031
2 0.751465 0.0407715 0.0234375 0.036377 0.0238495
0 0.49707 0.745605 0.0341797 0.0185547 0.023468
2 0.670898 0.0715332 0.0244141 0.0316162 0.0226135
1 0.0548096 0.35791 0.0157471 0.0170898 0.0224762
1 0.847168 0.878418 0.0292969 0.0498047 0.0216217
0 0.61084 0.771484 0.0263672 0.0273438 0.0201263
2 0.685547 0.0155029 0.0400391 0.0310059 0.0181732
1 0.236816 0.830078 0.0224609 0.0205078 0.0178986
0 0.665039 0.0872498 0.0283203 0.0186157 0.0176086
2 0.0523071 0.366211 0.0202637 0.0356445 0.0170746
1 0.634277 0.0118408 0.0302734 0.0232544 0.0168457
0 0.652832 0.0887756 0.0126953 0.0119019 0.0155945
0 0.663574 0.0812988 0.0283203 0.0273438 0.0155411
2 0.67334 0.0688477 0.0166016 0.0334473 0.0151672
1 0.670898 0.0715332 0.0244141 0.0316162 0.0145645
1 0.619629 0.0252075 0.0361328 0.0330811 0.0130692
1 0.791992 0.873047 0.0332031 0.0517578 0.0121536
1 0.61084 0.085144 0.0478516 0.0272217 0.0104141
