0 0.0977783 0.894531 0.0334473 0.0263672 0.869141
0 0.739746 0.476074 0.0214844 0.0253906 0.610352
0 0.123291 0.870117 0.0402832 0.00976562 0.578125
2 0.757812 0.473633 0.0136719 0.0234375 0.252686
0 0.873047 0.303467 0.0302734 0.0185547 0.136108
2 0.994141 0.403809 0.00976562 0.0258789 0.109314
0 0.87793 0.303711 0.0224609 0.0161133 0.101257
0 0.122314 0.872559 0.0415039 0.015625 0.0884399
1 0.719727 0.896484 0.0175781 0.0166016 0.0455322
0 0.115234 0.885254 0.0563965 0.0429688 0.0416565
2 0.719727 0.896484 0.0175781 0.0166016 0.0377197
2 0.336914 0.413086 0.0185547 0.0151367 0.0324402
0 0.115234 0.870117 0.0229492 0.00878906 0.0281219
2 0.785645 0.467896 0.0136719 0.0134277 0.0220947
2 0.624023 0.317627 0.0126953 0.0126953 0.0197449
0 0.19165 0.741699 0.0219727 0.0146484 0.0163727
2 0.612793 0.580078 0.0253906 0.0244141 0.0148849
0 0.196777 0.742676 0.0131836 0.0136719 0.0123749
0 0.370605 0.0681763 0.0102539 0.00964355 0.0108871
0 0.112183 0.869629 0.0241699 0.0107422 0.0106049
0 0.122803 0.869141 0.043457 0.0146484 0.0103302
