1 0.283447 0.583008 0.0483398 0.0498047 0.876953
0 0.690918 0.233398 0.0488281 0.0395508 0.791504
0 0.816406 0.376953 0.0371094 0.0410156 0.780273
1 0.91748 0.826172 0.0410156 0.046875 0.756836
1 0.51123 0.447998 0.0566406 0.0444336 0.755371
1 0.773926 0.415039 0.0341797 0.0449219 0.71582
1 0.638672 0.309814 0.0488281 0.0551758 0.712402
2 0.678223 0.922852 0.03125 0.0332031 0.703613
1 0.871582 0.0325775 0.0419922 0.0381165 0.581055
1 0.849609 0.352051 0.0419922 0.0371094 0.506348
0 0.993164 0.616211 0.0136719 0.0419922 0.500977
0 0.731445 0.398682 0.0244141 0.0283203 0.416016
0 0.849609 0.351562 0.0419922 0.0371094 0.316162
1 0.705566 0.868164 0.0253906 0.0263672 0.282715
0 0.705566 0.868164 0.0253906 0.0263672 0.260986
1 0.816895 0.377441 0.0380859 0.0410156 0.21582
0 0.871582 0.0327759 0.0429688 0.0378418 0.177368
0 0.772461 0.414307 0.0332031 0.0454102 0.148804
1 0.65332 0.295166 0.0234375 0.0410156 0.148315
1 0.304199 0.966309 0.0356445 0.0517578 0.105347
1 0.993164 0.616699 0.0136719 0.0410156 0.0959473
1 0.731934 0.398682 0.0244141 0.0283203 0.0930176
1 0.648926 0.294922 0.0332031 0.050293 0.0891724
1 0.799805 0.0334473 0.0292969 0.0135498 0.0826416
2 0.51123 0.44812 0.0566406 0.0441895 0.0700684
0 0.799805 0.033493 0.0283203 0.0139465 0.0664062
1 0.666992 0.959961 0.0185547 0.0166016 0.0651245
1 0.777344 0.426514 0.0263672 0.0219727 0.0636597
0 0.510742 0.447998 0.0566406 0.043457 0.0634155
1 0.639648 0.273193 0.0390625 0.0302734 0.0591125
1 0.297852 0.958008 0.0263672 0.0371094 0.0571289
1 0.654297 0.95459 0.0400391 0.0273438 0.0538635
0 0.917969 0.827148 0.0410156 0.046875 0.0525818
0 0.879883 0.029068 0.0263672 0.0291443 0.0522461
1 0.691406 0.233337 0.0478516 0.0391846 0.052063
2 0.303955 0.964355 0.0366211 0.0517578 0.0505066
1 0.663574 0.958984 0.0253906 0.0195312 0.0475159
1 0.954102 0.730469 0.0214844 0.0253906 0.0469055
1 0.918457 0.616699 0.0195312 0.0244141 0.0468445
1 0.635254 0.316406 0.0410156 0.0419922 0.0430298
1 0.678223 0.922363 0.03125 0.0332031 0.042572
1 0.638672 0.295898 0.0498047 0.0795898 0.039032
1 0.645996 0.952148 0.0214844 0.0205078 0.0384216
2 0.66748 0.959961 0.0185547 0.0166016 0.0379944
0 0.769531 0.0167847 0.0244141 0.0123291 0.0354309
1 0.293457 0.95459 0.0185547 0.0302734 0.0334167
1 0.879395 0.0292664 0.0283203 0.0299683 0.032135
1 0.772461 0.407715 0.03125 0.0307617 0.0258484
1 0.794922 0.0323486 0.0205078 0.0126953 0.0247192
2 0.279541 0.974854 0.0317383 0.0307617 0.0237122
0 0.283203 0.583008 0.0478516 0.0498047 0.0229492
1 0.769531 0.0170593 0.0224609 0.0131226 0.0225677
2 0.918945 0.617188 0.0195312 0.0253906 0.022049
2 0.953613 0.730957 0.0205078 0.0263672 0.0211334
0 0.65332 0.295166 0.0234375 0.0410156 0.0206909
0 0.304199 0.966064 0.0361328 0.0522461 0.0193024
0 0.639648 0.273193 0.0390625 0.0302734 0.017746
0 0.250244 0.392578 0.0268555 0.0180664 0.0177307
1 0.65918 0.956543 0.0322266 0.0224609 0.0158234
2 0.705566 0.868164 0.0253906 0.0263672 0.0147858
0 0.638672 0.307373 0.0498047 0.0595703 0.0146713
0 0.777344 0.426758 0.0263672 0.0209961 0.0146561
2 0.283691 0.583496 0.0483398 0.0498047 0.0110245
1 0.644043 0.282959 0.0302734 0.0361328 0.0100632
