0 0.101471 0.19104 0.0514526 0.0559082 0.900879
0 0.629883 0.496094 0.0380859 0.0214844 0.791016
0 0.505859 0.949219 0.0283203 0.0341797 0.753418
0 0.603027 0.458008 0.0175781 0.0351562 0.713379
0 0.0662231 0.682617 0.0228271 0.0263672 0.679199
0 0.937988 0.64502 0.0351562 0.0126953 0.645508
0 0.593262 0.23584 0.0175781 0.0307617 0.219727
1 0.9375 0.644531 0.0361328 0.0136719 0.171265
0 0.878418 0.00500488 0.0166016 0.0100098 0.133301
0 0.602539 0.452148 0.0166016 0.0239258 0.0346069
1 0.629883 0.496582 0.0380859 0.0214844 0.0269928
1 0.100555 0.190796 0.0527954 0.0554199 0.0159912
1 0.602539 0.458374 0.0185547 0.0354004 0.0131454
2 0.59668 0.250488 0.0136719 0.0214844 0.0120926
