1 0.708984 0.462036 0.0498047 0.0583496 0.89502
2 0.39502 0.102142 0.0307617 0.0305786 0.886719
2 0.799316 0.122925 0.0341797 0.0310059 0.854492
2 0.60791 0.382324 0.0429688 0.0429688 0.846191
2 0.48291 0.228699 0.0263672 0.0284424 0.830078
1 0.318359 0.604492 0.0908203 0.0595703 0.821289
2 0.335205 0.10025 0.0322266 0.0343628 0.811035
1 0.654785 0.349121 0.0332031 0.050293 0.788574
2 0.311035 0.0896301 0.0209961 0.0302124 0.785156
0 0.461548 0.143311 0.0339355 0.0349121 0.782227
1 0.367676 0.117676 0.0327148 0.0334473 0.777832
2 0.343506 0.0771484 0.0219727 0.0206299 0.748047
2 0.359131 0.0892334 0.0239258 0.0224609 0.494873
2 0.661133 0.37915 0.0214844 0.0244141 0.451172
2 0.481445 0.119751 0.03125 0.0332031 0.438477
1 0.443115 0.142822 0.015625 0.0297852 0.410156
0 0.443115 0.142944 0.0166016 0.0310059 0.263672
0 0.709473 0.0872803 0.015625 0.0126953 0.25415
1 0.460938 0.143066 0.0341797 0.0354004 0.250488
2 0.196411 0.763672 0.0158691 0.0185547 0.199463
1 0.799316 0.123047 0.0351562 0.0322266 0.126465
1 0.709961 0.0872803 0.015625 0.0129395 0.124146
2 0.365967 0.11731 0.03125 0.0332031 0.124146
1 0.39502 0.102295 0.0302734 0.0302734 0.0657959
0 0.479858 0.119507 0.0324707 0.0351562 0.0548096
2 0.267578 0.241211 0.0151367 0.0161133 0.0421143
2 0.605957 0.787109 0.0214844 0.0234375 0.0413513
0 0.426514 0.0325317 0.0180664 0.0166016 0.0355225
1 0.311035 0.0895996 0.0209961 0.0305176 0.0334167
2 0.30249 0.151001 0.0185547 0.0175781 0.0328979
0 0.708984 0.462646 0.0498047 0.0581055 0.029129
2 0.709473 0.0870972 0.015625 0.0133057 0.0267181
2 0.0644531 0.0218964 0.0244141 0.0190735 0.0258636
2 0.655273 0.353027 0.0322266 0.0454102 0.0257874
1 0.656738 0.357422 0.03125 0.0390625 0.0251923
0 0.654785 0.349121 0.0332031 0.0512695 0.0221863
1 0.334961 0.0998535 0.0322266 0.0349121 0.0216217
1 0.482422 0.22876 0.0253906 0.0288086 0.0204163
2 0.708984 0.462036 0.0498047 0.0583496 0.0149841
1 0.60498 0.786133 0.0244141 0.0234375 0.014679
2 0.342041 0.103851 0.0253906 0.0298462 0.0145416
0 0.367432 0.11792 0.0327148 0.0336914 0.0130692
1 0.479858 0.119507 0.0324707 0.0351562 0.0129013
1 0.320312 0.267334 0.0131836 0.0170898 0.0106659
1 0.638672 0.789062 0.0214844 0.0195312 0.0106201
