2 0.542969 0.0218201 0.0449219 0.0436401 0.775879
2 0.538574 0.310059 0.0361328 0.0620117 0.75
0 0.472534 0.980469 0.0383301 0.0390625 0.749023
0 0.383057 0.954834 0.0239258 0.0356445 0.741699
2 0.611328 0.019989 0.0166016 0.039978 0.654297
0 0.850586 0.263184 0.046875 0.0224609 0.592285
1 0.850586 0.263428 0.0458984 0.0224609 0.395264
0 0.248047 0.914062 0.0175781 0.0400391 0.394775
0 0.620605 0.846191 0.0244141 0.0214844 0.382324
0 0.720215 0.688965 0.0322266 0.0146484 0.348633
1 0.423096 0.991211 0.0229492 0.0175781 0.319824
1 0.538574 0.310303 0.0361328 0.0610352 0.309082
1 0.720215 0.688965 0.0332031 0.0146484 0.231201
1 0.472656 0.979492 0.0380859 0.0390625 0.175659
1 0.431396 0.990234 0.0405273 0.0175781 0.11322
0 0.476562 0.896484 0.015625 0.0136719 0.0803223
1 0.620605 0.84668 0.0253906 0.0214844 0.0789795
2 0.785645 0.70166 0.0253906 0.0185547 0.0562134
0 0.423828 0.991211 0.0234375 0.0175781 0.0475769
1 0.509277 0.848633 0.0263672 0.0205078 0.0453796
1 0.542969 0.0219116 0.0458984 0.0429688 0.0332031
0 0.765625 0.702148 0.0136719 0.015625 0.0297699
1 0.438477 0.989746 0.0537109 0.0205078 0.0234985
0 0.509277 0.848633 0.0263672 0.0205078 0.0215607
0 0.434814 0.988281 0.046875 0.0214844 0.0209503
2 0.423096 0.991211 0.0224609 0.0175781 0.0199585
2 0.720703 0.689453 0.0332031 0.0136719 0.0182953
1 0.452881 0.995117 0.0131836 0.00976562 0.0149765
1 0.611328 0.019989 0.0166016 0.039978 0.0134964
2 0.268799 0.0724487 0.0136719 0.0202637 0.0115814
1 0.248047 0.914062 0.0175781 0.0400391 0.0114365
0 0.453369 0.995605 0.015625 0.00878906 0.0106964
