1 0.65625 0.814941 0.0644531 0.0517578 0.900879
1 0.542969 0.845215 0.046875 0.0595703 0.875977
0 0.650391 0.692383 0.0517578 0.03125 0.871582
1 0.874512 0.613281 0.0546875 0.0341797 0.776855
1 0.562988 0.800293 0.0634766 0.0693359 0.748047
1 0.537109 0.889648 0.0400391 0.0371094 0.616211
0 0.70459 0.702148 0.0722656 0.0556641 0.557617
0 0.537109 0.890137 0.0400391 0.0371094 0.488281
1 0.70459 0.70166 0.0712891 0.0566406 0.478516
0 0.562988 0.800293 0.0634766 0.0693359 0.381348
0 0.654785 0.814941 0.0654297 0.0517578 0.192993
2 0.874512 0.613281 0.0537109 0.0332031 0.163452
0 0.549805 0.894531 0.0205078 0.0292969 0.136719
1 0.650879 0.692383 0.0507812 0.0302734 0.0829468
2 0.00959778 0.973877 0.0191956 0.0288086 0.064209
0 0.692871 0.687012 0.0419922 0.0322266 0.0531006
1 0.0096283 0.973633 0.0192566 0.0292969 0.0312195
1 0.549805 0.894531 0.0205078 0.0292969 0.0276642
0 0.542969 0.845215 0.046875 0.0585938 0.0236359
2 0.00817871 0.16748 0.0151367 0.0358887 0.0152359
1 0.694336 0.690918 0.0449219 0.0410156 0.0145798
0 0.691406 0.701172 0.0449219 0.0507812 0.0118256
2 0.536133 0.458252 0.0234375 0.0317383 0.0104294
