0 0.307129 0.414062 0.0786133 0.0712891 0.916504
0 0.367188 0.399902 0.0473633 0.0717773 0.835938
1 0.698242 0.388916 0.0458984 0.0449219 0.788574
0 0.477539 0.385742 0.0302734 0.0737305 0.76416
1 0.0837097 0.970703 0.0376587 0.0390625 0.695312
1 0.680664 0.380127 0.0400391 0.0268555 0.57959
1 0.461792 0.727051 0.0285645 0.0302734 0.52002
0 0.0832825 0.970947 0.0372925 0.0385742 0.358398
0 0.37793 0.432617 0.0209961 0.0229492 0.189697
2 0.697754 0.388428 0.0458984 0.0444336 0.0877686
2 0.102173 0.993164 0.0270996 0.0136719 0.0650024
2 0.461914 0.726562 0.0283203 0.0302734 0.0628052
1 0.37793 0.432617 0.0214844 0.0229492 0.0522156
2 0.680176 0.379639 0.0371094 0.0234375 0.0432434
0 0.461304 0.726562 0.0285645 0.0302734 0.035675
0 0.137939 0.992188 0.0449219 0.015625 0.017334
1 0.367432 0.398193 0.0483398 0.0703125 0.0166626
1 0.477417 0.385742 0.029541 0.0742188 0.0163879
0 0.145264 0.991211 0.0620117 0.0175781 0.0146866
1 0.641602 0.388916 0.0341797 0.0307617 0.0142517
0 0.339111 0.415771 0.0253906 0.0478516 0.0129166
2 0.991699 0.604492 0.0166016 0.0263672 0.0116043
