1 0.447632 0.177612 0.0695801 0.0678711 0.961426
1 0.443481 0.0563812 0.0700684 0.059845 0.947754
1 0.722168 0.117401 0.0673828 0.0806274 0.932617
1 0.491577 0.240723 0.0695801 0.0600586 0.927246
1 0.544434 0.204712 0.0732422 0.0715332 0.826172
2 0.430664 0.213806 0.0629883 0.0587158 0.806641
2 0.298584 0.300781 0.0405273 0.043457 0.800293
2 0.605469 0.206177 0.0556641 0.064209 0.719238
2 0.614258 0.851074 0.0351562 0.0410156 0.706543
1 0.248535 0.19397 0.0229492 0.0366211 0.580078
1 0.431396 0.213318 0.0625 0.0592041 0.482666
1 0.605469 0.206177 0.0566406 0.064209 0.462158
2 0.712891 0.221497 0.0507812 0.039917 0.44873
1 0.51709 0.244141 0.0224609 0.0556641 0.447754
2 0.501953 0.162476 0.0419922 0.0424805 0.444336
2 0.331787 0.378174 0.0297852 0.0336914 0.357422
2 0.65625 0.77832 0.0166016 0.0253906 0.353271
1 0.327637 0.168701 0.0224609 0.0222168 0.277588
2 0.416504 0.0954895 0.0678711 0.022644 0.182129
0 0.543945 0.204712 0.0722656 0.0700684 0.178101
2 0.327881 0.168701 0.0224609 0.0224609 0.17041
2 0.333252 0.381592 0.0249023 0.0258789 0.0847168
2 0.658203 0.214294 0.046875 0.0440674 0.0803833
2 0.447021 0.246338 0.0263672 0.0351562 0.0791016
0 0.491089 0.240479 0.0705566 0.0595703 0.0626831
1 0.65625 0.77832 0.0166016 0.0253906 0.058075
1 0.501953 0.162842 0.0429688 0.0432129 0.0386047
0 0.722168 0.118042 0.0683594 0.0812988 0.0383606
1 0.415039 0.0958557 0.0605469 0.0228882 0.0351562
1 0.712891 0.221252 0.0517578 0.0408936 0.0306396
0 0.657715 0.214844 0.046875 0.0424805 0.0263977
0 0.51709 0.244385 0.0224609 0.0551758 0.02388
1 0.614258 0.851562 0.0351562 0.0419922 0.0212402
0 0.432129 0.213257 0.0629883 0.0593262 0.020752
2 0.442993 0.0566559 0.0690918 0.0595398 0.0184784
2 0.647461 0.21814 0.0292969 0.0334473 0.0157013
2 0.248535 0.194214 0.0229492 0.0361328 0.0144272
0 0.447754 0.177368 0.0703125 0.067627 0.0140305
0 0.953613 0.438721 0.0126953 0.0107422 0.0131607
0 0.443237 0.0567017 0.0705566 0.0599365 0.0112305
