0 0.523926 0.608398 0.0693359 0.0429688 0.887207
0 0.479126 0.566895 0.0505371 0.0429688 0.859863
2 0.600098 0.840332 0.0361328 0.0419922 0.745605
2 0.026001 0.682129 0.0290527 0.0263672 0.5625
1 0.600098 0.840332 0.0351562 0.0410156 0.286133
1 0.617676 0.808105 0.0185547 0.0283203 0.18103
2 0.617676 0.808105 0.0185547 0.0292969 0.0530396
0 0.513184 0.608887 0.0458984 0.0410156 0.0459595
1 0.591797 0.814941 0.0205078 0.0146484 0.0437622
2 0.970459 0.742188 0.0239258 0.0195312 0.0407715
0 0.46582 0.564453 0.0224609 0.0341797 0.0244904
1 0.00967407 0.631348 0.019165 0.0332031 0.022522
0 0.502441 0.611816 0.0234375 0.0341797 0.0174713
2 0.591797 0.814941 0.0205078 0.0146484 0.0170746
0 0.546387 0.62207 0.0253906 0.0146484 0.0160828
2 0.406494 0.516602 0.0180664 0.0166016 0.0160675
2 0.426025 0.126831 0.027832 0.0341797 0.0158844
1 0.479004 0.566895 0.0507812 0.0429688 0.0147705
2 0.0175171 0.67041 0.0306396 0.0302734 0.0125504
0 0.589355 0.81543 0.0175781 0.0126953 0.0120544
