0 0.744141 0.74707 0.0410156 0.0390625 0.896973
2 0.618652 0.315918 0.0371094 0.0395508 0.875488
2 0.595703 0.34375 0.0449219 0.0405273 0.855957
2 0.453369 0.0444336 0.0268555 0.0159912 0.778809
2 0.472168 0.0180359 0.0214844 0.0232544 0.121216
2 0.0346222 0.211914 0.0159607 0.0297852 0.0823364
2 0.534668 0.0383911 0.0214844 0.0186768 0.0784302
2 0.637695 0.0979004 0.0332031 0.0292969 0.0751343
2 0.612793 0.0648193 0.0185547 0.0256348 0.057373
0 0.119751 0.728027 0.027832 0.0175781 0.0479431
1 0.595703 0.34375 0.0449219 0.0405273 0.0464172
2 0.49707 0.0719604 0.0185547 0.0229492 0.041626
0 0.144165 0.749023 0.0212402 0.0253906 0.0407715
2 0.448242 0.0236816 0.0356445 0.0228271 0.0194397
1 0.743652 0.74707 0.0410156 0.0380859 0.0187378
2 0.746582 0.681152 0.0166016 0.0302734 0.0171509
1 0.119629 0.728027 0.0283203 0.0175781 0.015976
2 0.463745 0.0204163 0.0324707 0.0271606 0.0156555
2 0.476929 0.0150757 0.0197754 0.0209961 0.0149307
1 0.618164 0.316162 0.0361328 0.0390625 0.0147629
1 0.141357 0.746582 0.0258789 0.0302734 0.0132217
0 0.141235 0.746582 0.0268555 0.03125 0.012619
2 0.0373535 0.205627 0.0205078 0.0408936 0.0110855
2 0.61377 0.275146 0.0107422 0.0249023 0.0106888
