1 0.491699 0.692383 0.0332031 0.0283203 0.932129
1 0.235657 0.26416 0.0413818 0.0375977 0.918945
2 0.571777 0.82666 0.0292969 0.03125 0.896484
1 0.216675 0.28833 0.0383301 0.0253906 0.892578
1 0.393799 0.541992 0.0356445 0.0361328 0.876465
1 0.494629 0.0544434 0.0234375 0.0252686 0.867188
2 0.290283 0.521484 0.0292969 0.0351562 0.856445
2 0.311768 0.509277 0.0253906 0.0263672 0.854492
2 0.498535 0.0759888 0.0244141 0.0238037 0.850098
1 0.629395 0.12915 0.0234375 0.0253906 0.842285
2 0.334961 0.664551 0.0332031 0.0322266 0.834473
2 0.439941 0.640625 0.0268555 0.0273438 0.822266
2 0.512207 0.125488 0.0175781 0.0178223 0.802734
1 0.537109 0.69873 0.0283203 0.0322266 0.798828
2 0.459229 0.0848389 0.0219727 0.0209961 0.793945
1 0.522949 0.712891 0.0253906 0.0273438 0.754883
2 0.677734 0.283691 0.0224609 0.0234375 0.734375
2 0.479492 0.0968018 0.0185547 0.0222168 0.723145
2 0.439453 0.0151062 0.0234375 0.0233765 0.720703
1 0.46167 0.678223 0.0307617 0.0292969 0.710938
0 0.279541 0.241699 0.0444336 0.0415039 0.689941
1 0.621582 0.154053 0.0205078 0.0219727 0.689941
2 0.425049 0.0252228 0.0185547 0.0198669 0.63916
1 0.525391 0.0476685 0.0214844 0.0230713 0.637695
0 0.166748 0.344727 0.027832 0.0371094 0.636719
2 0.368408 0.674316 0.027832 0.0351562 0.623047
2 0.812988 0.1604 0.0195312 0.0234375 0.547363
2 0.526855 0.14624 0.0136719 0.0214844 0.529785
2 0.525879 0.0991211 0.0195312 0.0178223 0.526855
1 0.368408 0.674805 0.0273438 0.0341797 0.521973
1 0.166626 0.344727 0.027832 0.0366211 0.514648
2 0.545898 0.717773 0.0244141 0.0214844 0.48999
1 0.279297 0.241455 0.0429688 0.0405273 0.486084
2 0.446045 0.669922 0.0195312 0.0224609 0.436768
1 0.144653 0.316162 0.0212402 0.0263672 0.41626
2 0.525391 0.0477295 0.0214844 0.0229492 0.382812
1 0.545898 0.717773 0.0244141 0.0205078 0.37207
2 0.621582 0.154053 0.0205078 0.0219727 0.362549
0 0.144653 0.316162 0.0209961 0.0263672 0.351562
0 0.00860596 0.217102 0.0161133 0.0203857 0.338135
2 0.46582 0.103882 0.0146484 0.0200195 0.295898
2 0.52002 0.112671 0.0136719 0.0126953 0.269531
2 0.522949 0.712891 0.0253906 0.0273438 0.258789
2 0.0297546 0.248535 0.0187378 0.0249023 0.237671
1 0.498047 0.0760498 0.0234375 0.0249023 0.222656
0 0.537109 0.698242 0.0292969 0.0332031 0.209839
0 0.0192261 0.140259 0.0215454 0.013916 0.203857
1 0.00848389 0.216492 0.0162964 0.019165 0.199463
2 0.462036 0.677734 0.0310059 0.0292969 0.144287
2 0.993652 0.384033 0.0126953 0.0200195 0.129761
2 0.388672 0.602051 0.0161133 0.0224609 0.126221
1 0.3479 0.57373 0.0146484 0.0263672 0.114624
2 0.629883 0.12915 0.0234375 0.0253906 0.109375
2 0.494629 0.0550537 0.0234375 0.026001 0.0898438
2 0.514648 0.117554 0.0166016 0.0163574 0.0797119
1 0.290527 0.521973 0.0292969 0.0341797 0.0784912
2 0.497559 0.771973 0.0244141 0.0273438 0.0664062
2 0.611816 0.477539 0.0117188 0.0126953 0.0656128
1 0.571777 0.826172 0.0292969 0.0302734 0.0635986
0 0.505859 0.0250854 0.0166016 0.0198975 0.0605469
2 0.536133 0.121582 0.00878906 0.0180664 0.0537415
2 0.3479 0.572754 0.0146484 0.0253906 0.0518188
1 0.0297699 0.248535 0.0187073 0.0249023 0.0509644
2 0.0856018 0.286621 0.0162964 0.012207 0.0323792
2 0.762207 0.321777 0.03125 0.019043 0.0312805
2 0.428711 0.642578 0.012207 0.0234375 0.02948
2 0.516602 0.110962 0.015625 0.0124512 0.0290527
2 0.486328 0.100342 0.0126953 0.0175781 0.0288696
2 0.393555 0.54248 0.0351562 0.0351562 0.0264435
1 0.164795 0.605469 0.0153809 0.0224609 0.0263214
0 0.347656 0.57373 0.0141602 0.0263672 0.0249634
1 0.0194397 0.140625 0.0223389 0.0141602 0.0245056
0 0.216431 0.288086 0.0378418 0.0244141 0.0226288
2 0.821777 0.116455 0.0195312 0.0288086 0.0225525
2 0.571777 0.801758 0.0107422 0.0166016 0.022522
1 0.677734 0.283691 0.0224609 0.0229492 0.021225
1 0.439941 0.641113 0.0273438 0.0283203 0.0205078
1 0.525879 0.128052 0.0136719 0.0131836 0.0197449
2 0.491699 0.691895 0.0332031 0.0273438 0.0184784
1 0.439453 0.0144958 0.0244141 0.0245361 0.0179749
2 0.525879 0.128052 0.0136719 0.0131836 0.0167236
0 0.504395 0.0220337 0.0205078 0.0262451 0.0164795
2 0.409424 0.00650024 0.0112305 0.0130005 0.0155716
2 0.51709 0.165649 0.0185547 0.0187988 0.0150681
2 0.0827026 0.274414 0.0133057 0.012207 0.0144348
2 0.569824 0.803223 0.0136719 0.0166016 0.0142822
0 0.235657 0.264404 0.0413818 0.0380859 0.0139999
1 0.388428 0.602051 0.0161133 0.0234375 0.0138855
1 0.446289 0.670898 0.0195312 0.0253906 0.0135117
1 0.425049 0.025238 0.019043 0.0203247 0.01091
0 0.629883 0.12915 0.0244141 0.0251465 0.0108566
2 0.536621 0.698242 0.0283203 0.03125 0.010704
0 0.491211 0.691895 0.0322266 0.0273438 0.0105972
2 0.428467 0.0228424 0.0239258 0.0226746 0.0101547
