2 0.722656 0.0410156 0.0449219 0.0466309 0.916016
2 0.669922 0.115814 0.0458984 0.0454712 0.912109
1 0.401123 0.446533 0.0429688 0.0395508 0.908691
1 0.908691 0.373535 0.0292969 0.043457 0.906738
2 0.4375 0.496094 0.0297852 0.0419922 0.892578
2 0.646973 0.0776367 0.0400391 0.0410156 0.89209
2 0.5 0.55127 0.0283203 0.0292969 0.887695
2 0.817383 0.0278625 0.0380859 0.0427856 0.884277
2 0.762695 0.285889 0.0351562 0.0371094 0.859375
1 0.322021 0.712402 0.027832 0.0273438 0.84668
2 0.476562 0.562012 0.0292969 0.0214844 0.825195
2 0.854004 0.0236511 0.0419922 0.0437622 0.822754
2 0.441162 0.554688 0.0361328 0.0283203 0.810547
1 0.331055 0.727051 0.0297852 0.0273438 0.802734
1 0.986328 0.908203 0.0214844 0.0244141 0.724121
2 0.989258 0.88623 0.0195312 0.0283203 0.693359
1 0.374756 0.732422 0.0244141 0.0253906 0.691895
2 0.770996 0.263184 0.0214844 0.027832 0.66748
1 0.395996 0.717285 0.0229492 0.0292969 0.604004
1 0.334473 0.699707 0.015625 0.0244141 0.582031
2 0.747559 0.246826 0.0078125 0.0317383 0.444824
2 0.420654 0.568848 0.0161133 0.0292969 0.426514
2 0.819824 0.368896 0.0322266 0.0385742 0.406738
1 0.471313 0.486816 0.0310059 0.0263672 0.386719
1 0.340332 0.727539 0.0219727 0.0263672 0.358887
1 0.994141 0.912598 0.0117188 0.0234375 0.316895
2 0.994141 0.912598 0.0117188 0.0234375 0.263184
1 0.37207 0.726074 0.0209961 0.0185547 0.262939
2 0.395264 0.717773 0.0239258 0.0292969 0.240723
1 0.385742 0.712891 0.015625 0.0195312 0.190552
1 0.34375 0.727539 0.0200195 0.0234375 0.176636
2 0.47168 0.487305 0.0302734 0.0263672 0.176636
1 0.325928 0.725586 0.0249023 0.0253906 0.146484
1 0.398682 0.537109 0.00878906 0.0205078 0.138306
2 0.481934 0.560547 0.0224609 0.0214844 0.134766
1 0.395508 0.712402 0.0209961 0.0185547 0.128174
1 0.392578 0.722168 0.0244141 0.0263672 0.093811
0 0.483398 0.581543 0.00976562 0.00976562 0.0856934
2 0.808105 0.380615 0.0126953 0.0180664 0.0667725
1 0.854492 0.0236053 0.0419922 0.0440979 0.0631104
0 0.375244 0.73291 0.0249023 0.0263672 0.0498657
2 0.334961 0.699707 0.0151367 0.0253906 0.0488586
2 0.745605 0.246338 0.00878906 0.0292969 0.0484314
2 0.420654 0.546387 0.0117188 0.0185547 0.0483398
1 0.989258 0.887695 0.0214844 0.0253906 0.0441589
2 0.407227 0.705078 0.0107422 0.0195312 0.0439453
2 0.388184 0.712402 0.0166016 0.0195312 0.0419922
1 0.437256 0.496094 0.0297852 0.0410156 0.0417175
1 0.407227 0.705078 0.0107422 0.0195312 0.0391846
2 0.986328 0.908203 0.0195312 0.0244141 0.0359192
2 0.995605 0.912598 0.00878906 0.0263672 0.0348816
2 0.395508 0.711914 0.0209961 0.0185547 0.0311279
1 0.402344 0.708496 0.0141602 0.0166016 0.0309753
1 0.32666 0.731445 0.0214844 0.0195312 0.0301971
2 0.809082 0.373047 0.015625 0.03125 0.0291138
2 0.402344 0.708496 0.0141602 0.0166016 0.0288086
2 0.321777 0.712402 0.0268555 0.0273438 0.0286713
0 0.331055 0.727051 0.0297852 0.0283203 0.0278473
1 0.76123 0.2854 0.0351562 0.0371094 0.0267792
2 0.769043 0.263672 0.0283203 0.0327148 0.0264435
2 0.394287 0.723633 0.0219727 0.0205078 0.0238037
1 0.995605 0.912598 0.00878906 0.0263672 0.0216217
0 0.908203 0.373779 0.0302734 0.043457 0.0207062
1 0.722656 0.0409546 0.0439453 0.0469971 0.0205994
2 0.398682 0.537109 0.00878906 0.0205078 0.0197754
2 0.384277 0.714844 0.0141602 0.015625 0.0195465
1 0.368896 0.724609 0.0185547 0.015625 0.0194855
1 0.483398 0.582031 0.00976562 0.00976562 0.0193481
2 0.993652 0.908203 0.0126953 0.0244141 0.0188751
1 0.816895 0.0276489 0.0390625 0.0429688 0.0170135
1 0.993652 0.908203 0.0126953 0.0244141 0.0169067
1 0.646973 0.0774841 0.0400391 0.0403442 0.0168152
2 0.374756 0.732422 0.0244141 0.0263672 0.0157623
1 0.5 0.55127 0.0283203 0.0302734 0.0156097
1 0.669922 0.115814 0.0458984 0.0462036 0.0155945
2 0.831055 0.354736 0.0244141 0.0195312 0.015007
2 0.749512 0.250488 0.0107422 0.0371094 0.0147095
2 0.400879 0.446777 0.0429688 0.0400391 0.0133438
2 0.747559 0.247803 0.0117188 0.034668 0.0133362
1 0.819336 0.368896 0.0322266 0.0380859 0.0132904
2 0.893555 0.921387 0.0185547 0.0292969 0.0132599
2 0.908203 0.373779 0.0302734 0.043457 0.0129471
2 0.901367 0.913086 0.0322266 0.046875 0.0126801
1 0.474976 0.48291 0.0285645 0.0195312 0.0113373
2 0.325928 0.725586 0.0239258 0.0253906 0.0112
1 0.38501 0.727539 0.0219727 0.0224609 0.0109253
1 0.476562 0.562012 0.0302734 0.0214844 0.0108185
2 0.835938 0.354736 0.0146484 0.019043 0.0108032
2 0.331787 0.727051 0.03125 0.0283203 0.010788
1 0.44165 0.555176 0.0341797 0.0253906 0.0107422
2 0.37207 0.726074 0.0209961 0.0175781 0.0106735
2 0.746582 0.283447 0.0107422 0.0263672 0.010437
2 0.768066 0.270996 0.0292969 0.0332031 0.0102234
