0 0.442871 0.185181 0.0634766 0.0705566 0.944336
1 0.32666 0.224609 0.0253906 0.0385742 0.675293
1 0.358887 0.200562 0.0527344 0.0441895 0.644043
1 0.267334 0.196533 0.0214844 0.0183105 0.628418
1 0.242432 0.13623 0.0185547 0.020752 0.594727
1 0.298828 0.183228 0.0161133 0.026123 0.424561
1 0.281738 0.186523 0.0498047 0.0327148 0.407959
0 0.76416 0.550781 0.0214844 0.0175781 0.373779
1 0.34668 0.203979 0.027832 0.0373535 0.305664
1 0.76416 0.550781 0.0224609 0.0175781 0.200684
2 0.26709 0.196899 0.0214844 0.017334 0.123779
1 0.36084 0.188354 0.0473633 0.0231934 0.104736
0 0.0427856 0.574707 0.0128174 0.0146484 0.0924683
1 0.370361 0.186646 0.0292969 0.0197754 0.0903931
0 0.298828 0.183228 0.0166016 0.026123 0.0880737
1 0.342773 0.188721 0.0205078 0.0212402 0.0865479
2 0.370361 0.18689 0.0297852 0.0209961 0.0720825
1 0.238281 0.177002 0.00830078 0.0314941 0.0601501
0 0.242676 0.136353 0.0180664 0.0205078 0.0565491
0 0.32666 0.224548 0.0253906 0.038208 0.055603
0 0.441162 0.211853 0.0581055 0.0181885 0.0454102
1 0.750488 0.557617 0.0166016 0.0136719 0.0341797
2 0.326904 0.225342 0.0258789 0.0400391 0.0337219
2 0.65625 0.640137 0.0136719 0.0136719 0.0295105
0 0.0964355 0.617188 0.0144043 0.0214844 0.0280304
2 0.34668 0.204102 0.027832 0.0385742 0.0268402
2 0.361084 0.188232 0.0463867 0.0234375 0.0250397
2 0.750488 0.557617 0.0166016 0.0136719 0.0231018
1 0.443359 0.184509 0.0644531 0.069458 0.0227509
2 0.35791 0.200195 0.0532227 0.0458984 0.022049
2 0.242676 0.136353 0.0180664 0.0205078 0.021225
0 0.440674 0.207764 0.0600586 0.027832 0.0211792
1 0.0964355 0.616211 0.0151367 0.0234375 0.0192566
2 0.76416 0.550781 0.0224609 0.0175781 0.0174255
1 0.337891 0.232422 0.0136719 0.0258789 0.0171509
0 0.104492 0.608887 0.0324707 0.0390625 0.0128021
0 0.750488 0.557617 0.0166016 0.0136719 0.0125122
1 0.753418 0.554688 0.0166016 0.0175781 0.0121155
2 0.234619 0.630859 0.0161133 0.0224609 0.0112305
1 0.270752 0.195557 0.0307617 0.0209961 0.0108719
2 0.298828 0.183228 0.0161133 0.026123 0.0107269
0 0.0968018 0.612793 0.0166016 0.0302734 0.0104752
