0 0.304443 0.170898 0.0708008 0.0812988 0.916016
0 0.81543 0.675781 0.0253906 0.0390625 0.889648
0 0.257568 0.0854187 0.065918 0.0713501 0.887695
0 0.834961 0.70166 0.0263672 0.0332031 0.879883
0 0.87793 0.794922 0.00878906 0.0166016 0.309814
0 0.303223 0.139771 0.0605469 0.0300293 0.275879
0 0.317139 0.140259 0.0351562 0.029541 0.20752
2 0.442139 0.919922 0.0180664 0.0214844 0.175537
1 0.31958 0.139282 0.0332031 0.0305176 0.0894775
1 0.257568 0.085144 0.0649414 0.0723877 0.079834
0 0.536133 0.73584 0.0244141 0.0214844 0.0467529
2 0.525391 0.867676 0.0244141 0.0195312 0.0442505
0 0.893555 0.797363 0.0380859 0.0253906 0.0429077
1 0.536133 0.73584 0.0244141 0.0214844 0.0298462
1 0.303223 0.139771 0.0605469 0.0300293 0.0201569
1 0.81543 0.67627 0.0253906 0.0390625 0.0189362
0 0.282227 0.145996 0.0258789 0.0292969 0.0173645
1 0.304443 0.170776 0.0712891 0.081543 0.0142822
1 0.87793 0.794922 0.00976562 0.0166016 0.0127411
2 0.536133 0.73584 0.0244141 0.0214844 0.010849
2 0.448242 0.321045 0.0336914 0.0263672 0.0107803
2 0.196289 0.794922 0.0244141 0.0244141 0.0107727
