1 0.0178528 0.988281 0.0357056 0.0234375 0.84082
1 0.0671997 0.988281 0.0604248 0.0214844 0.821777
1 0.10791 0.708984 0.0192871 0.0341797 0.80957
2 0.960938 0.839844 0.03125 0.0322266 0.747559
2 0.943848 0.832031 0.0302734 0.0322266 0.738281
1 0.0864868 0.970703 0.0343018 0.0273438 0.331299
1 0.943848 0.832031 0.0302734 0.0322266 0.304443
2 0.47998 0.854492 0.0234375 0.0253906 0.159424
1 0.102783 0.988281 0.0202637 0.0214844 0.14917
2 0.0869141 0.970703 0.0314941 0.0273438 0.12793
1 0.0495605 0.992188 0.0262451 0.0136719 0.079895
2 0.0178223 0.988281 0.0355225 0.0234375 0.0466919
1 0.0516968 0.991211 0.0336914 0.0175781 0.0463867
1 0.961182 0.839844 0.0307617 0.03125 0.0461426
2 0.980469 0.8125 0.0214844 0.0292969 0.0435791
2 0.103638 0.988281 0.017334 0.0234375 0.0394592
1 0.0905457 0.975342 0.0442505 0.0395508 0.0354004
1 0.0767212 0.989258 0.041626 0.0214844 0.0289917
0 0.107788 0.708984 0.0192871 0.0341797 0.0260468
0 0.103027 0.988281 0.0195312 0.0214844 0.0236664
2 0.247314 0.873535 0.0493164 0.0439453 0.0197906
1 0.10437 0.98584 0.0187988 0.0283203 0.0126877
2 0.107788 0.708984 0.0197754 0.0341797 0.0123901
0 0.0657349 0.989258 0.0592041 0.0214844 0.0117111
