2 0.571289 0.763672 0.0302734 0.0390625 0.860352
1 0.212402 0.273193 0.0200195 0.0297852 0.803711
1 0.218506 0.24292 0.0180664 0.0292969 0.776367
2 0.171265 0.242432 0.032959 0.0288086 0.677246
2 0.0898438 0.524902 0.0209961 0.0234375 0.631348
2 0.006073 0.261475 0.012146 0.0366211 0.613281
2 0.414795 0.386475 0.0175781 0.0400391 0.54541
2 0.0723877 0.637207 0.0244141 0.0263672 0.490234
2 0.021759 0.202271 0.0203247 0.03125 0.466309
1 0.0723877 0.637695 0.0245361 0.0273438 0.113281
2 0.0835571 0.633789 0.0129395 0.0166016 0.104187
1 0.00598145 0.261475 0.0119629 0.0361328 0.0900269
1 0.571777 0.763672 0.0322266 0.0390625 0.0783081
1 0.0220032 0.201904 0.0219116 0.0322266 0.0761719
2 0.0693359 0.633789 0.0183105 0.0185547 0.0747681
1 0.368652 0.73877 0.0117188 0.0224609 0.0722046
1 0.598145 0.750488 0.0146484 0.0273438 0.0657349
2 0.368652 0.73877 0.0117188 0.0224609 0.0515137
2 0.598145 0.750488 0.0146484 0.0273438 0.0450745
1 0.170776 0.241943 0.0334473 0.0288086 0.0379944
2 0.977539 0.473633 0.015625 0.015625 0.0349731
2 0.208252 0.758301 0.0161133 0.0302734 0.034668
1 0.414551 0.386475 0.0175781 0.0390625 0.0341797
2 0.00701904 0.591309 0.0119629 0.015625 0.0330811
2 0.218567 0.24292 0.0184326 0.0292969 0.0222473
2 0.085083 0.631836 0.0142822 0.0175781 0.0215302
2 0.212158 0.273193 0.0195312 0.0302734 0.0183716
2 0.165161 0.239258 0.045166 0.0371094 0.0155716
1 0.925293 0.562988 0.03125 0.0253906 0.0142822
2 0.924805 0.562988 0.03125 0.0253906 0.0128021
0 0.212097 0.273193 0.0196533 0.0297852 0.0119171
1 0.208008 0.758789 0.0163574 0.03125 0.011795
1 0.0834351 0.633789 0.0141602 0.0166016 0.0115738
2 0.0578613 0.493652 0.0178223 0.0166016 0.0113983
