1 0.0825806 0.0213623 0.0845947 0.0427246 0.94043
1 0.0900574 0.078125 0.0894165 0.0805664 0.858887
2 0.702148 0.366211 0.0371094 0.0415039 0.834961
0 0.0897827 0.0782471 0.0877686 0.0808105 0.0905151
2 0.239563 0.114594 0.0457764 0.071106 0.0395813
2 0.0829163 0.0212402 0.0836792 0.0424805 0.0244751
0 0.0829773 0.0217896 0.085022 0.0435791 0.0241699
2 0.217529 0.0870972 0.0332031 0.0228271 0.0210571
2 0.0896606 0.0783081 0.0872803 0.0804443 0.0137863
1 0.702148 0.366211 0.0371094 0.0415039 0.0103683
