1 0.782715 0.975586 0.0419922 0.0410156 0.894531
1 0.984375 0.947266 0.03125 0.0332031 0.632812
0 0.977295 0.601562 0.0336914 0.0351562 0.440918
0 0.984375 0.947754 0.03125 0.0332031 0.388184
1 0.977295 0.601074 0.0336914 0.0341797 0.36084
1 0.991699 0.599121 0.0166016 0.0263672 0.325928
0 0.991699 0.599121 0.0166016 0.0273438 0.141357
1 0.995117 0.939941 0.00976562 0.0234375 0.0276947
0 0.782227 0.975586 0.0419922 0.0410156 0.0205231
1 0.989258 0.936035 0.0195312 0.0195312 0.0198059
2 0.944824 0.571289 0.0205078 0.0273438 0.016861
1 0.95874 0.993164 0.043457 0.0136719 0.0134506
0 0.989258 0.936035 0.0195312 0.0195312 0.0124512
2 0.782715 0.975586 0.0429688 0.0410156 0.0114594
1 0.996582 0.90332 0.00683594 0.0146484 0.010994
