1 0.791504 0.263428 0.0537109 0.0498047 0.910645
0 0.427734 0.382568 0.0356445 0.0639648 0.866211
0 0.63916 0.279297 0.03125 0.0302734 0.664062
1 0.112549 0.854492 0.0441895 0.0458984 0.644043
1 0.428467 0.125366 0.0371094 0.0285645 0.581055
0 0.367432 0.339111 0.0229492 0.0371094 0.544434
1 0.519043 0.547363 0.0302734 0.0332031 0.536621
1 0.367432 0.339111 0.0224609 0.0375977 0.387451
0 0.11264 0.853516 0.0442505 0.0458984 0.260986
2 0.518555 0.547852 0.0292969 0.0332031 0.230591
2 0.145264 0.581543 0.0317383 0.0351562 0.151733
1 0.959717 0.116974 0.0649414 0.0614624 0.130127
0 0.667969 0.253418 0.0527344 0.046875 0.106628
1 0.857422 0.206238 0.0136719 0.0362549 0.100159
1 0.956299 0.137451 0.0698242 0.098877 0.0870361
0 0.857422 0.206177 0.0136719 0.0358887 0.0765381
1 0.931152 0.165405 0.0214844 0.045166 0.0636597
0 0.415527 0.116821 0.0131836 0.0141602 0.0635376
1 0.416748 0.117676 0.0161133 0.0144043 0.0630493
2 0.460205 0.202759 0.0166016 0.017334 0.0582581
1 0.427979 0.382568 0.034668 0.0639648 0.0543518
0 0.661133 0.252197 0.0332031 0.0424805 0.0516968
0 0.680176 0.252686 0.0556641 0.0463867 0.046936
0 0.428711 0.125732 0.0375977 0.0292969 0.0435486
1 0.638672 0.279297 0.0322266 0.0307617 0.0358276
2 0.490723 0.9375 0.03125 0.0380859 0.033844
0 0.653809 0.251953 0.0244141 0.0424805 0.0282593
0 0.696289 0.249268 0.0273438 0.0366211 0.0265656
0 0.57959 0.469604 0.0224609 0.013916 0.0216064
2 0.702637 0.275391 0.0214844 0.0180664 0.0202789
0 0.557617 0.389648 0.0175781 0.0341797 0.0195465
1 0.579102 0.469604 0.0234375 0.0148926 0.0178833
0 0.931152 0.166748 0.0214844 0.041748 0.0163879
2 0.437988 0.22113 0.0131836 0.0152588 0.0126877
2 0.0379639 0.887695 0.0290527 0.03125 0.0118179
0 0.677734 0.250244 0.0390625 0.0395508 0.0113602
0 0.643555 0.251465 0.0351562 0.0439453 0.0109253
1 0.557617 0.389648 0.0175781 0.0341797 0.0105209
0 0.791504 0.263184 0.0537109 0.0498047 0.0103531
