2 0.880859 0.682129 0.03125 0.046875 0.909668
2 0.910156 0.640625 0.0341797 0.0253906 0.165161
0 0.248291 0.370605 0.0576172 0.0146484 0.0601807
2 0.354248 0.994141 0.0234375 0.0117188 0.0587463
0 0.226562 0.400391 0.0327148 0.0263672 0.0509033
2 0.337891 0.994141 0.0180664 0.0117188 0.0334167
1 0.334961 0.636719 0.0141602 0.0449219 0.0140915
2 0.782715 0.697754 0.0332031 0.0302734 0.0133286
1 0.880371 0.682129 0.0302734 0.046875 0.0126038
2 0.990234 0.80127 0.0195312 0.0332031 0.012207
0 0.335449 0.637207 0.0126953 0.0458984 0.0103149
