0 0.555176 0.041626 0.0439453 0.0527344 0.936035
2 0.314697 0.33667 0.0214844 0.0180664 0.523438
0 0.451416 0.48291 0.0170898 0.0126953 0.358154
2 0.553711 0.984375 0.0341797 0.03125 0.303711
2 0.158447 0.891113 0.0163574 0.0136719 0.291992
2 0.100311 0.585938 0.0410767 0.0390625 0.269775
0 0.51416 0.00523376 0.0126953 0.0104675 0.199219
2 0.59082 0.700684 0.0185547 0.0185547 0.173096
2 0.28418 0.981445 0.0283203 0.0371094 0.137573
2 0.280518 0.332275 0.0112305 0.0131836 0.114136
1 0.28418 0.981445 0.0283203 0.0371094 0.0774536
1 0.314453 0.336914 0.0214844 0.0170898 0.0761719
1 0.280518 0.33252 0.0117188 0.0131836 0.0528259
1 0.552734 0.984131 0.0341797 0.0317383 0.0367737
0 0.648926 0.967041 0.0117188 0.0249023 0.0357666
2 0.632324 0.975342 0.0175781 0.0141602 0.0352478
2 0.560059 0.98584 0.0224609 0.0283203 0.0281219
1 0.392822 0.532227 0.0454102 0.0195312 0.0277557
0 0.390869 0.533203 0.0439453 0.0175781 0.0263062
1 0.451172 0.48291 0.0180664 0.0126953 0.0231476
2 0.277832 0.992676 0.0180664 0.0146484 0.017868
1 0.539062 0.973389 0.0107422 0.0141602 0.0172577
2 0.280273 0.989746 0.0224609 0.0205078 0.0170441
0 0.638184 0.968018 0.0302734 0.0307617 0.0161133
2 0.376709 0.415039 0.03125 0.0253906 0.0133133
1 0.513672 0.0059967 0.0126953 0.0119934 0.0129166
2 0.539062 0.973389 0.0107422 0.0141602 0.0126877
2 0.546875 0.984375 0.0205078 0.0292969 0.0122757
2 0.264648 0.144775 0.169922 0.106934 0.0114899
2 0.78418 0.629395 0.0439453 0.0615234 0.0101089
