2 0.383545 0.824707 0.0410156 0.0419922 0.922363
1 0.149902 0.0742188 0.0446777 0.0429688 0.867676
1 0.447266 0.797363 0.0244141 0.0410156 0.833008
1 0.359863 0.0200806 0.0166016 0.0341797 0.727051
1 0.128052 0.0393677 0.0192871 0.0128174 0.370117
2 0.990234 0.668945 0.0195312 0.0253906 0.298096
0 0.150146 0.0743103 0.0454102 0.0425415 0.19165
1 0.00508118 0.00942993 0.0101624 0.0188599 0.110168
2 0.12793 0.0394287 0.019043 0.0126953 0.109558
2 0.729492 0.696777 0.0136719 0.0126953 0.081665
1 0.149902 0.00985718 0.0151367 0.0122681 0.0324402
2 0.447754 0.796875 0.0249023 0.0410156 0.0287781
2 0.359863 0.0201111 0.0166016 0.0342407 0.0267792
2 0.150024 0.00973511 0.0153809 0.012207 0.022934
1 0.384033 0.824707 0.0405273 0.0419922 0.0228577
0 0.359863 0.0201416 0.0166016 0.0341797 0.0176544
2 0.0975342 0.0326691 0.012207 0.0144958 0.0167847
2 0.743652 0.696777 0.015625 0.0146484 0.0153809
2 0.413574 0.759277 0.0195312 0.0205078 0.0140533
0 0.447266 0.796875 0.0249023 0.0410156 0.0120697
2 0.804199 0.899414 0.0214844 0.0195312 0.0110931
2 0.782227 0.906738 0.0107422 0.0136719 0.0108261
0 0.12793 0.0394287 0.019043 0.0126953 0.0101166
