2 0.567383 0.430176 0.0253906 0.0205078 0.306396
1 0.736816 0.725586 0.015625 0.0136719 0.200439
2 0.72998 0.738281 0.0117188 0.0126953 0.0948486
1 0.589355 0.586426 0.0214844 0.0292969 0.0686035
2 0.736816 0.725586 0.015625 0.0136719 0.0609436
2 0.712891 0.639648 0.0175781 0.0136719 0.049469
2 0.760742 0.736816 0.0175781 0.0292969 0.0484009
1 0.588379 0.571777 0.0244141 0.0556641 0.0281067
1 0.73291 0.72998 0.0195312 0.0195312 0.0224152
0 0.00946045 0.344482 0.0181885 0.0361328 0.0202637
1 0.567871 0.431152 0.0253906 0.0195312 0.0178375
0 0.736816 0.725586 0.0146484 0.0136719 0.0174408
2 0.73291 0.72998 0.0195312 0.0195312 0.0162506
1 0.72998 0.737793 0.0126953 0.0136719 0.0128708
1 0.586914 0.433594 0.0117188 0.012207 0.0123901
2 0.575684 0.433594 0.0244141 0.0239258 0.0106964
0 0.00714111 0.32959 0.0137939 0.0126953 0.0103912
0 0.586914 0.433594 0.0117188 0.012207 0.0103149
