1 0.534668 0.0163879 0.0576172 0.0327759 0.810547
0 0.949951 0.430176 0.0512695 0.0239258 0.0760498
0 0.84668 0.446777 0.0478516 0.0537109 0.0579224
1 0.84668 0.446777 0.046875 0.0537109 0.0560913
0 0.533691 0.0166931 0.0585938 0.0333862 0.0378723
0 0.957031 0.43042 0.0703125 0.0288086 0.0308228
0 0.965576 0.427246 0.0688477 0.0322266 0.0206604
1 0.950928 0.429688 0.0610352 0.0273438 0.0194702
1 0.965576 0.427246 0.0688477 0.0322266 0.0187836
0 0.512207 0.556152 0.0380859 0.0439453 0.0126266
0 0.540039 0.0136871 0.0458984 0.0273743 0.0111084
