2 0.902344 0.429688 0.0488281 0.0463867 0.910645
1 0.183716 0.88623 0.029541 0.0273438 0.882812
2 0.63623 0.0143127 0.0371094 0.0286255 0.810059
2 0.563477 0.315674 0.0263672 0.0185547 0.784668
1 0.128052 0.879883 0.0412598 0.0371094 0.755371
1 0.616211 0.00601196 0.0380859 0.0120239 0.727539
2 0.584473 0.321289 0.0273438 0.0273438 0.723145
1 0.628906 0.267334 0.0292969 0.0146484 0.474365
1 0.636719 0.0144653 0.0371094 0.0286865 0.467529
2 0.601074 0.291992 0.0224609 0.0302734 0.35791
2 0.128296 0.880371 0.0405273 0.0371094 0.313477
2 0.273193 0.854492 0.0375977 0.0273438 0.250732
0 0.628906 0.267578 0.0283203 0.0141602 0.176025
2 0.288574 0.571289 0.0253906 0.0224609 0.139526
1 0.902344 0.429932 0.0498047 0.0463867 0.0790405
1 0.584473 0.320801 0.0273438 0.0273438 0.0789185
2 0.616211 0.00610352 0.0400391 0.012207 0.0734253
1 0.601074 0.291748 0.0224609 0.0302734 0.044281
2 0.568359 0.314941 0.0283203 0.0205078 0.0440674
2 0.0103149 0.130493 0.0167847 0.0170898 0.0372314
2 0.665039 0.739258 0.0214844 0.0126953 0.0362549
2 0.183716 0.88623 0.0305176 0.0273438 0.0334473
2 0.804688 0.0445709 0.0585938 0.0710144 0.0314026
2 0.816406 0.0628052 0.0322266 0.03479 0.0300293
1 0.564941 0.31543 0.0292969 0.0195312 0.0272827
0 0.616211 0.00598145 0.0380859 0.0119629 0.0270691
2 0.269775 0.341553 0.0805664 0.0839844 0.0208282
1 0.273438 0.85498 0.0380859 0.0283203 0.0205841
2 0.628906 0.267334 0.0283203 0.0141602 0.0203094
2 0.810547 0.0577393 0.0429688 0.0461426 0.019928
2 0.466309 0.362549 0.0244141 0.0219727 0.0192108
2 0.006073 0.325928 0.012146 0.0239258 0.0168457
2 0.925293 0.458374 0.0371094 0.0432129 0.0161591
2 0.0098877 0.144653 0.0170898 0.0134277 0.0114136
0 0.183716 0.886719 0.029541 0.0273438 0.0107574
2 0.626953 0.00624084 0.0302734 0.0124817 0.0105667
2 0.265625 0.328857 0.0688477 0.0639648 0.0100327
