0 0.723145 0.427002 0.0693359 0.0698242 0.929199
0 0.967529 0.507812 0.0551758 0.0546875 0.920898
0 0.740723 0.375977 0.0742188 0.0834961 0.905762
0 0.635742 0.192505 0.0888672 0.0939941 0.880859
0 0.644531 0.270996 0.0732422 0.0800781 0.855957
0 0.703613 0.223389 0.0791016 0.0864258 0.849121
0 0.711426 0.272461 0.0576172 0.046875 0.82666
0 0.521973 0.489258 0.0390625 0.0839844 0.815918
0 0.70166 0.141968 0.0683594 0.0905762 0.812988
0 0.670898 0.334961 0.0390625 0.0620117 0.803223
0 0.569824 0.603027 0.0400391 0.0605469 0.803223
0 0.915039 0.5 0.0341797 0.0283203 0.782715
0 0.552246 0.550781 0.0478516 0.0820312 0.769043
0 0.529785 0.0925293 0.0566406 0.0881348 0.734375
0 0.693359 0.38623 0.0263672 0.0576172 0.726562
0 0.80957 0.820312 0.0273438 0.0292969 0.713379
0 0.966309 0.550781 0.0263672 0.0273438 0.710449
1 0.425781 0.513672 0.0234375 0.0595703 0.62793
1 0.492676 0.766113 0.0449219 0.0751953 0.568848
0 0.647949 0.984375 0.0166016 0.03125 0.477051
0 0.514648 0.544922 0.0253906 0.0458984 0.476318
0 0.421387 0.0975342 0.0356445 0.0410156 0.466553
0 0.893066 0.740723 0.0332031 0.0332031 0.437256
2 0.664062 0.933105 0.0273438 0.0566406 0.392822
0 0.493652 0.766113 0.046875 0.0742188 0.365723
1 0.421387 0.0977783 0.0371094 0.0402832 0.337891
1 0.551758 0.550781 0.0458984 0.0810547 0.333984
0 0.993652 0.342285 0.0126953 0.0361328 0.269043
0 0.475464 0.503906 0.119385 0.123047 0.192871
0 0.425537 0.51416 0.0234375 0.0585938 0.192871
0 0.519531 0.740234 0.0205078 0.0224609 0.15979
0 0.993164 0.347412 0.0136719 0.027832 0.157593
0 0.665039 0.0587158 0.0302734 0.0250244 0.152344
0 0.695312 0.585449 0.0439453 0.0537109 0.151611
1 0.647949 0.984375 0.0166016 0.03125 0.123779
1 0.569336 0.602539 0.0390625 0.0605469 0.115479
2 0.522949 0.717773 0.0234375 0.0371094 0.111145
0 0.993164 0.336182 0.0136719 0.043457 0.0993652
0 0.990723 0.33374 0.0185547 0.0546875 0.0879517
1 0.521973 0.723145 0.0244141 0.0488281 0.0857544
1 0.711914 0.272217 0.0566406 0.046875 0.0809326
0 0.987793 0.324951 0.0244141 0.0629883 0.0712891
1 0.635254 0.192017 0.0869141 0.0944824 0.0709839
1 0.521973 0.489258 0.0380859 0.0849609 0.0703125
1 0.670898 0.334961 0.0380859 0.0620117 0.069458
1 0.644531 0.272949 0.0722656 0.078125 0.0662231
1 0.966553 0.550781 0.0258789 0.0273438 0.0635986
0 0.678711 0.59668 0.0117188 0.0371094 0.0589905
1 0.52832 0.425049 0.0107422 0.043457 0.0513916
1 0.51416 0.54541 0.0244141 0.0439453 0.0493774
0 0.679688 0.9729 0.0224609 0.019043 0.0489197
0 0.520996 0.727051 0.0244141 0.0498047 0.0471497
0 0.710449 0.567871 0.0126953 0.0166016 0.046936
1 0.504395 0.775879 0.0214844 0.0498047 0.0386963
1 0.692871 0.385254 0.0263672 0.0566406 0.037384
0 0.52832 0.425049 0.0107422 0.043457 0.0368347
2 0.540527 0.907715 0.0224609 0.0175781 0.035553
0 0.687988 0.258789 0.0546875 0.0727539 0.0327148
0 0.504395 0.775879 0.0224609 0.0498047 0.0326843
1 0.80957 0.820312 0.0273438 0.0292969 0.0309296
1 0.52002 0.739746 0.0214844 0.0234375 0.0301819
0 0.503906 0.770508 0.0283203 0.0644531 0.0299835
0 0.72998 0.205261 0.0263672 0.0592041 0.0267029
0 0.663574 0.933105 0.0283203 0.0566406 0.0249329
1 0.967773 0.508301 0.0546875 0.0537109 0.0235596
0 0.768066 0.412109 0.0214844 0.0297852 0.0221252
1 0.702148 0.140503 0.0683594 0.088623 0.0218048
0 0.992188 0.327393 0.015625 0.0439453 0.0204773
0 0.673828 0.976562 0.0332031 0.0253906 0.0164642
0 0.522461 0.527832 0.0390625 0.0966797 0.0164337
0 0.665527 0.982666 0.0449219 0.0327148 0.0161743
1 0.474609 0.5 0.12793 0.125977 0.0157623
0 0.531738 0.0792847 0.0517578 0.0631104 0.0156403
1 0.503906 0.770508 0.0283203 0.0644531 0.0149155
1 0.741211 0.374268 0.0732422 0.0805664 0.0136108
1 0.493164 0.756836 0.0400391 0.0527344 0.0133438
0 0.905273 0.492188 0.015625 0.0117188 0.0123978
1 0.664551 0.0587158 0.0292969 0.0247803 0.0117035
2 0.692871 0.385742 0.0263672 0.0571289 0.0113373
1 0.722656 0.427246 0.0664062 0.0708008 0.0103836
