2 0.663574 0.0215149 0.0302734 0.0271606 0.858398
1 0.677734 0.0293121 0.0205078 0.0235291 0.505371
0 0.346436 0.963867 0.0170898 0.0175781 0.402588
0 0.677734 0.0292969 0.0214844 0.0246582 0.228882
1 0.346436 0.963867 0.0175781 0.0175781 0.22522
2 0.0580444 0.809082 0.043335 0.0390625 0.119385
1 0.663086 0.021225 0.0292969 0.0266418 0.0556946
2 0.52832 0.736328 0.0429688 0.0410156 0.0490112
2 0.975586 0.231384 0.0214844 0.0255127 0.0454712
2 0.676758 0.0296021 0.0244141 0.0255127 0.0190582
2 0.346436 0.963867 0.0175781 0.0175781 0.017395
2 0.00857544 0.807617 0.015686 0.0146484 0.016983
2 0.0103149 0.701172 0.0200195 0.0185547 0.012291
1 0.0580444 0.810059 0.0437012 0.0400391 0.0118256
0 0.664062 0.0219269 0.0302734 0.0273132 0.0102158
