0 0.612305 0.843262 0.0839844 0.0810547 0.921875
0 0.583496 0.899414 0.0517578 0.0566406 0.885254
1 0.382812 0.532227 0.0322266 0.03125 0.774414
0 0.817383 0.757324 0.0234375 0.03125 0.757324
2 0.454102 0.0823059 0.03125 0.0307007 0.466797
2 0.469849 0.103546 0.0231934 0.0233765 0.104553
0 0.383057 0.532227 0.0327148 0.03125 0.0958252
0 0.447021 0.776367 0.0219727 0.0195312 0.0770874
0 0.446533 0.772949 0.0258789 0.0263672 0.0483704
1 0.817871 0.756836 0.0234375 0.0322266 0.0312042
1 0.612793 0.842773 0.0859375 0.0820312 0.025238
1 0.583496 0.898926 0.0517578 0.0576172 0.0135193
0 0.210938 0.455566 0.027832 0.0410156 0.0119858
0 0.755371 0.753418 0.0126953 0.00878906 0.0115204
1 0.30127 0.438477 0.0332031 0.0351562 0.0106049
2 0.383301 0.531738 0.0322266 0.0322266 0.0103607
