0 0.794922 0.873535 0.0166016 0.0166016 0.566406
0 0.574707 0.727539 0.0302734 0.0224609 0.526367
0 0.78418 0.862793 0.0185547 0.0253906 0.434082
0 0.596191 0.754883 0.0322266 0.0332031 0.414307
0 0.595703 0.662109 0.0234375 0.0117188 0.338867
0 0.783203 0.870605 0.0175781 0.0166016 0.300781
0 0.791504 0.866699 0.0244141 0.0292969 0.249268
0 0.788086 0.863281 0.0283203 0.0322266 0.243042
0 0.594727 0.760742 0.0302734 0.0244141 0.206177
0 0.597656 0.749512 0.0253906 0.0205078 0.188599
0 0.584961 0.763672 0.0136719 0.0146484 0.151123
0 0.588867 0.763184 0.0205078 0.0166016 0.141235
1 0.595703 0.662109 0.0234375 0.0126953 0.110901
0 0.782227 0.859863 0.0175781 0.0224609 0.0375977
1 0.373779 0.437256 0.0639648 0.0405273 0.0247955
1 0.79541 0.872559 0.0175781 0.0175781 0.0231323
2 0.595703 0.662109 0.0234375 0.0126953 0.0193634
2 0.374512 0.436279 0.0605469 0.0390625 0.018692
0 0.794922 0.868652 0.0185547 0.0273438 0.0155487
1 0.791504 0.865234 0.0263672 0.0332031 0.0139389
1 0.784668 0.861328 0.0185547 0.0253906 0.0127487
0 0.597656 0.744141 0.0175781 0.0117188 0.0106888
