2 0.83252 0.551758 0.0517578 0.0595703 0.895508
1 0.852539 0.0158997 0.0546875 0.0317993 0.876465
2 0.706055 0.339355 0.0478516 0.0488281 0.861816
2 0.583496 0.717773 0.0273438 0.0449219 0.80127
2 0.0842285 0.550781 0.0263672 0.0341797 0.0910034
2 0.676758 0.261475 0.0371094 0.0415039 0.0668945
1 0.0842285 0.550781 0.0268555 0.0351562 0.0429077
1 0.583008 0.717285 0.0273438 0.0439453 0.0384827
2 0.853027 0.0162964 0.0517578 0.0325928 0.0321045
1 0.83252 0.552246 0.0517578 0.0595703 0.0304871
1 0.706055 0.339355 0.046875 0.0488281 0.0158997
0 0.852539 0.0161133 0.0546875 0.0322266 0.0154572
1 0.255859 0.458984 0.0234375 0.0161133 0.0115204
