0 0.637695 0.795898 0.0361328 0.0380859 0.936035
0 0.305908 0.130249 0.0395508 0.041748 0.890137
0 0.662598 0.790527 0.0283203 0.0322266 0.875
0 0.782227 0.885742 0.0380859 0.0117188 0.544434
0 0.693848 0.762207 0.0273438 0.0410156 0.523926
0 0.689453 0.755859 0.0175781 0.0273438 0.261963
0 0.489746 0.2854 0.0400391 0.0322266 0.2229
0 0.481445 0.287109 0.0214844 0.0283203 0.0933228
2 0.661621 0.82666 0.0175781 0.015625 0.0596313
0 0.66748 0.768066 0.0195312 0.0175781 0.0404358
0 0.782227 0.885742 0.0439453 0.015625 0.0320129
0 0.494629 0.278564 0.0332031 0.0185547 0.0237579
0 0.797363 0.841797 0.0214844 0.0107422 0.0195923
0 0.649414 0.769043 0.0166016 0.0175781 0.0180511
0 0.67041 0.766113 0.0253906 0.0205078 0.0159454
0 0.694824 0.778809 0.0273438 0.0205078 0.0132675
