2 0.875488 0.919922 0.0205078 0.0146484 0.156616
1 0.0528564 0.466919 0.015625 0.0134277 0.104126
2 0.0528564 0.466919 0.0155029 0.0134277 0.0857544
2 0.604492 0.844238 0.0205078 0.0253906 0.0645752
2 0.0990295 0.205566 0.0216675 0.0273438 0.0615845
0 0.544922 0.299316 0.0117188 0.0112305 0.0309296
2 0.273926 0.994141 0.0180664 0.0117188 0.0160217
2 0.875488 0.915039 0.0234375 0.0263672 0.0147705
0 0.546387 0.285645 0.0126953 0.0327148 0.0141373
0 0.547852 0.31665 0.0117188 0.0146484 0.0136566
2 0.0494385 0.485352 0.0130615 0.0126953 0.0136185
2 0.540527 0.481934 0.0166016 0.0146484 0.0119171
0 0.54834 0.27832 0.00976562 0.0180664 0.0114746
