1 0.897461 0.358398 0.03125 0.034668 0.898926
1 0.412109 0.959961 0.0224609 0.0273438 0.858887
1 0.413574 0.987305 0.0263672 0.0253906 0.85498
2 0.102692 0.900391 0.0233765 0.0253906 0.847168
1 0.453613 0.943359 0.0205078 0.0283203 0.818848
1 0.14917 0.926758 0.0234375 0.0244141 0.789062
2 0.433594 0.978271 0.0234375 0.0258789 0.771973
1 0.0967102 0.876465 0.0238647 0.0224609 0.669922
1 0.952148 0.370117 0.0185547 0.0258789 0.384766
1 0.951172 0.365479 0.0185547 0.0224609 0.238647
1 0.432617 0.978271 0.0224609 0.0258789 0.186401
2 0.149292 0.926758 0.0236816 0.0244141 0.145264
2 0.952637 0.373535 0.0166016 0.0205078 0.128662
0 0.879883 0.607422 0.0380859 0.0214844 0.126709
2 0.0966797 0.876465 0.0236816 0.0224609 0.119995
1 0.886719 0.764648 0.0302734 0.03125 0.117859
0 0.78125 0.485352 0.0234375 0.03125 0.103394
2 0.41333 0.987305 0.0263672 0.0253906 0.0993652
1 0.796387 0.48291 0.0175781 0.0205078 0.0780029
2 0.796387 0.482422 0.0185547 0.0185547 0.0754395
2 0.453613 0.942871 0.0214844 0.0283203 0.074646
1 0.782227 0.485352 0.0263672 0.0292969 0.0639648
1 0.425537 0.979492 0.0253906 0.0253906 0.0636597
1 0.951172 0.360352 0.015625 0.015625 0.0582275
2 0.301025 0.990234 0.019043 0.0175781 0.0536499
2 0.425537 0.979492 0.0253906 0.0253906 0.0511475
0 0.78125 0.49707 0.0214844 0.0136719 0.0446167
1 0.102631 0.900391 0.0244751 0.0263672 0.0361633
1 0.454346 0.939941 0.0195312 0.0195312 0.0277405
1 0.781738 0.496582 0.0195312 0.0146484 0.0224609
2 0.412109 0.959717 0.0224609 0.027832 0.0207977
0 0.412109 0.959961 0.0224609 0.0273438 0.0143509
0 0.896484 0.358154 0.03125 0.0332031 0.0105972
1 0.953125 0.373535 0.015625 0.0180664 0.0105896
