1 0.891602 0.805176 0.0507812 0.0517578 0.901367
1 0.912109 0.847168 0.0273438 0.0498047 0.830566
1 0.859375 0.34082 0.03125 0.0307617 0.821777
1 0.959229 0.669434 0.034668 0.0283203 0.741699
2 0.853516 0.359375 0.03125 0.0219727 0.723145
1 0.539062 0.733398 0.0302734 0.0302734 0.683105
1 0.837891 0.347656 0.015625 0.0292969 0.660645
2 0.859375 0.34082 0.03125 0.0317383 0.459717
2 0.539551 0.73291 0.0302734 0.0292969 0.395508
1 0.853516 0.359375 0.03125 0.0219727 0.348633
0 0.958984 0.669434 0.0351562 0.0283203 0.1604
2 0.836426 0.349609 0.0146484 0.0244141 0.146973
1 0.835938 0.351318 0.0146484 0.0219727 0.144043
1 0.842285 0.350586 0.0253906 0.0336914 0.143311
0 0.891602 0.805176 0.0507812 0.0517578 0.0364685
0 0.912109 0.84668 0.0283203 0.0527344 0.0361633
2 0.842285 0.350586 0.0253906 0.0336914 0.0256042
0 0.0604248 0.944336 0.0141602 0.0166016 0.0220642
2 0.838379 0.34668 0.0175781 0.0297852 0.0189972
2 0.841309 0.362549 0.0185547 0.0180664 0.0122604
2 0.912109 0.84668 0.0273438 0.0507812 0.0107651
