0 0.79248 0.742188 0.0732422 0.0810547 0.427002
0 0.758789 0.415771 0.0175781 0.0356445 0.0592957
2 0.111816 0.20636 0.0317383 0.0281982 0.053772
0 0.818359 0.541504 0.00683594 0.0195312 0.0398865
1 0.79248 0.742676 0.0732422 0.0810547 0.0289307
0 0.467651 0.101318 0.00708008 0.017334 0.0224457
0 0.438232 0.0428467 0.0131836 0.0354004 0.0211334
0 0.431885 0.0476685 0.0224609 0.0449219 0.0206299
0 0.435303 0.0449982 0.0175781 0.0391541 0.0178528
2 0.516602 0.237549 0.0244141 0.0249023 0.016571
2 0.0631104 0.995117 0.0134277 0.00976562 0.0148621
0 0.633301 0.137329 0.0146484 0.0351562 0.014534
