2 0.314697 0.651367 0.0698242 0.0654297 0.865723
2 0.30127 0.324219 0.0327148 0.0600586 0.739746
1 0.401855 0.918945 0.0825195 0.0908203 0.731445
2 0.389404 0.537598 0.0180664 0.0253906 0.581055
0 0.401611 0.918457 0.0810547 0.0888672 0.310059
2 0.321289 0.850098 0.0239258 0.0322266 0.176636
1 0.314697 0.651367 0.0688477 0.0654297 0.0780029
1 0.321045 0.850098 0.0239258 0.03125 0.0564575
1 0.26123 0.764648 0.0454102 0.0380859 0.0438232
2 0.26123 0.764648 0.0439453 0.0371094 0.0411682
1 0.389404 0.538086 0.0175781 0.0253906 0.0308533
1 0.424561 0.875 0.0249023 0.0302734 0.0269623
2 0.30542 0.293457 0.0224609 0.0253906 0.0184784
2 0.139404 0.609375 0.0339355 0.0292969 0.0108109
0 0.301514 0.324219 0.0332031 0.0615234 0.0106125
