2 0.955322 0.512695 0.0288086 0.0214844 0.727539
2 0.764648 0.0915527 0.0185547 0.0268555 0.588379
2 0.556152 0.924805 0.0283203 0.0224609 0.342041
2 0.711914 0.941895 0.0185547 0.0185547 0.279297
2 0.701172 0.952637 0.0224609 0.0195312 0.210205
1 0.764648 0.0915222 0.0185547 0.0266724 0.143066
2 0.717773 0.942383 0.0146484 0.0185547 0.0795898
1 0.954834 0.512695 0.027832 0.0214844 0.0340576
2 0.708008 0.94043 0.0175781 0.0185547 0.0289154
2 0.543457 0.388672 0.0283203 0.0405273 0.0274811
2 0.199951 0.539062 0.0322266 0.0283203 0.0233002
2 0.70752 0.944336 0.0263672 0.0224609 0.0223999
2 0.991211 0.678711 0.0175781 0.0283203 0.0206299
2 0.702637 0.947754 0.0224609 0.0263672 0.0143356
1 0.557129 0.924316 0.0283203 0.0224609 0.0140533
2 0.937988 0.487305 0.0185547 0.0205078 0.0133591
