2 0.529785 0.517578 0.0214844 0.0244141 0.795898
2 0.527832 0.549316 0.0205078 0.0195312 0.734863
2 0.534668 0.537109 0.0205078 0.0185547 0.672852
2 0.552246 0.541992 0.0146484 0.0205078 0.613281
2 0.546387 0.541016 0.015625 0.0195312 0.0664062
1 0.529785 0.517578 0.0214844 0.0234375 0.0550537
2 0.916992 0.678711 0.0244141 0.0214844 0.0462036
2 0.839844 0.743652 0.0214844 0.0195312 0.0324402
2 0.965088 0.572754 0.0151367 0.0166016 0.0243225
2 0.533691 0.533691 0.0195312 0.0205078 0.017868
0 0.916992 0.678711 0.0244141 0.0224609 0.0141068
2 0.323975 0.622559 0.0244141 0.0175781 0.0100937
