0 0.554199 0.593262 0.0566406 0.0585938 0.950195
0 0.503418 0.604492 0.0507812 0.0556641 0.937988
0 0.599121 0.595215 0.0488281 0.0566406 0.923828
0 0.614258 0.85791 0.0263672 0.0292969 0.91748
0 0.990234 0.318604 0.0195312 0.0419922 0.887695
0 0.43335 0.0671997 0.0341797 0.0336914 0.883301
2 0.321777 0.958496 0.03125 0.0361328 0.870605
1 0.430908 0.868164 0.0351562 0.0410156 0.833008
2 0.285645 0.949707 0.0424805 0.0400391 0.789551
1 0.285645 0.949463 0.0429688 0.0405273 0.785156
0 0.497559 0.138062 0.0341797 0.0358887 0.738281
0 0.457397 0.738281 0.0256348 0.0195312 0.685059
0 0.483887 0.725098 0.0195312 0.0136719 0.65332
0 0.446045 0.634277 0.0395508 0.0117188 0.172119
2 0.481934 0.0805359 0.0224609 0.0281372 0.157471
0 0.0690308 0.277344 0.0166016 0.0107422 0.125854
0 0.309082 0.996094 0.0170898 0.0078125 0.113525
2 0.437256 0.92041 0.027832 0.0283203 0.0747681
2 0.431152 0.869141 0.0351562 0.0410156 0.0653687
1 0.30957 0.996582 0.0170898 0.00683594 0.0636597
1 0.307617 0.996094 0.0166016 0.0078125 0.0614319
1 0.990234 0.318604 0.0195312 0.0424805 0.0422974
1 0.321777 0.958496 0.03125 0.0361328 0.0397339
1 0.457397 0.737793 0.0266113 0.0195312 0.0395813
1 0.437256 0.87207 0.0205078 0.0332031 0.0343018
1 0.481934 0.0805359 0.0224609 0.0281372 0.026413
2 0.464233 0.114136 0.013916 0.0109863 0.0219269
2 0.16748 0.437012 0.0107422 0.0131836 0.0193176
1 0.614258 0.85791 0.0263672 0.0292969 0.0169525
2 0.437744 0.872559 0.0205078 0.0332031 0.016861
1 0.484375 0.725098 0.0205078 0.0136719 0.0167084
2 0.440674 0.874023 0.0161133 0.0283203 0.0139236
1 0.554199 0.594238 0.0576172 0.0595703 0.013916
1 0.599121 0.595215 0.0478516 0.0576172 0.0125046
1 0.429443 0.86084 0.0288086 0.0263672 0.012146
1 0.0688477 0.2771 0.0170898 0.0102539 0.0112686
0 0.0994873 0.243164 0.0231934 0.0107422 0.0111694
