0 0.303467 0.0196075 0.0366211 0.0376892 0.896973
0 0.295166 0.386719 0.0283203 0.0317383 0.836914
0 0.26416 0.466919 0.0180664 0.032959 0.549316
2 0.647949 0.685059 0.0253906 0.0253906 0.521484
1 0.924805 0.30542 0.0166016 0.0195312 0.350342
0 0.924805 0.305664 0.0166016 0.0195312 0.328613
1 0.897461 0.307617 0.0214844 0.0205078 0.213745
0 0.252441 0.476685 0.0170898 0.0192871 0.201782
1 0.906738 0.304688 0.015625 0.015625 0.125366
0 0.257324 0.462769 0.0361328 0.045166 0.12439
0 0.906738 0.305664 0.015625 0.015625 0.0998535
0 0.897461 0.307861 0.0205078 0.0200195 0.0944214
1 0.29541 0.386719 0.0288086 0.03125 0.0558167
0 0.252686 0.472168 0.0200195 0.0273438 0.0541077
1 0.895508 0.309814 0.0166016 0.0175781 0.0375977
2 0.924805 0.305664 0.0166016 0.0195312 0.0316772
0 0.247803 0.464478 0.015625 0.0300293 0.0302887
0 0.256104 0.478516 0.015625 0.015625 0.0294342
0 0.248047 0.455811 0.0146484 0.0268555 0.0292816
1 0.905273 0.307129 0.0283203 0.0205078 0.01828
1 0.247803 0.456055 0.0161133 0.0273438 0.0163422
2 0.906738 0.304688 0.0146484 0.0151367 0.0154724
2 0.171631 0.303711 0.0195312 0.0332031 0.0152969
2 0.263672 0.440674 0.0166016 0.0166016 0.0135651
1 0.256592 0.45813 0.03125 0.0368652 0.0134201
2 0.90918 0.155762 0.0117188 0.0253906 0.0118103
0 0.255859 0.45459 0.0288086 0.03125 0.0116501
1 0.302979 0.0189819 0.0366211 0.0379639 0.0114059
