1 0.848145 0.123413 0.0371094 0.0183105 0.859863
2 0.817383 0.112915 0.03125 0.0229492 0.505859
1 0.817383 0.112915 0.0302734 0.0222168 0.283447
0 0.742188 0.0764771 0.0175781 0.0129395 0.188477
0 0.51123 0.310547 0.0185547 0.012207 0.128906
1 0.742188 0.0761108 0.0175781 0.0133057 0.116699
2 0.109619 0.248535 0.0231934 0.0161133 0.097168
2 0.803711 0.0810547 0.0244141 0.0133057 0.0769043
2 0.806152 0.0964355 0.0283203 0.0419922 0.0724487
2 0.838379 0.75293 0.0283203 0.0234375 0.0637817
0 0.848145 0.123779 0.0371094 0.0180664 0.061676
2 0.600098 0.442139 0.0214844 0.0209961 0.0341492
2 0.354736 0.976562 0.0219727 0.0195312 0.0337219
2 0.833984 0.752441 0.0214844 0.0205078 0.0294647
2 0.197266 0.0083313 0.0187988 0.0165405 0.0216064
1 0.803711 0.0811768 0.0244141 0.0137939 0.0165863
2 0.742188 0.0764771 0.0175781 0.0129395 0.0123978
1 0.807129 0.0976868 0.0292969 0.0407104 0.0121841
0 0.410156 0.47998 0.0600586 0.0390625 0.0112228
1 0.51123 0.310547 0.0185547 0.012207 0.0105743
2 0.803711 0.0907593 0.0273438 0.0330811 0.0102615
