2 0.442383 0.155396 0.0288086 0.0283203 0.73584
2 0.468262 0.0720825 0.0390625 0.0428467 0.658691
2 0.477661 0.160889 0.0368652 0.0341797 0.471436
1 0.468262 0.0721436 0.0390625 0.0432129 0.33667
2 0.530762 0.177002 0.0263672 0.0246582 0.335449
2 0.520508 0.168823 0.0244141 0.0170898 0.0968628
2 0.212952 0.469727 0.020874 0.0214844 0.0861206
2 0.524902 0.176514 0.03125 0.0258789 0.0856323
1 0.529785 0.17749 0.0302734 0.0251465 0.0838013
2 0.911133 0.994141 0.0361328 0.00976562 0.0396729
1 0.855469 0.906738 0.0234375 0.0244141 0.0362549
1 0.911133 0.994141 0.0361328 0.00976562 0.0188141
2 0.406738 0.123047 0.0322266 0.0388184 0.010437
