0 0.5 0.44043 0.0273438 0.0380859 0.783203
1 0.313232 0.72168 0.0166016 0.0283203 0.600098
1 0.249512 0.720703 0.0219727 0.0205078 0.578613
1 0.509766 0.462158 0.0205078 0.0288086 0.573242
2 0.340088 0.490234 0.0239258 0.0214844 0.559082
1 0.477539 0.35083 0.0390625 0.034668 0.487793
2 0.313232 0.72168 0.0161133 0.0292969 0.46582
0 0.130493 0.777344 0.0136719 0.0195312 0.429688
1 0.577637 0.994629 0.0205078 0.0107422 0.355957
1 0.471191 0.350098 0.0273438 0.0322266 0.345703
0 0.510254 0.462158 0.0214844 0.0288086 0.309326
0 0.668457 0.93457 0.0117188 0.0146484 0.216675
1 0.131714 0.992676 0.0109863 0.0146484 0.207031
2 0.697266 0.072937 0.0507812 0.0516357 0.194458
0 0.578125 0.994629 0.0214844 0.0107422 0.178833
2 0.349854 0.483398 0.015625 0.0166016 0.162842
1 0.668457 0.937988 0.0126953 0.0244141 0.14856
0 0.668457 0.937988 0.0126953 0.0234375 0.147705
1 0.5 0.440186 0.0273438 0.0390625 0.145996
2 0.57666 0.994629 0.0205078 0.0107422 0.093689
0 0.131714 0.992676 0.0109863 0.0146484 0.0927124
2 0.249512 0.720703 0.0219727 0.0205078 0.0864868
0 0.667969 0.931641 0.0117188 0.00976562 0.0834961
2 0.331299 0.483398 0.0107422 0.0126953 0.0801392
1 0.667969 0.93457 0.0126953 0.015625 0.0724487
1 0.341309 0.48877 0.0273438 0.0244141 0.0691528
2 0.341309 0.487305 0.0288086 0.0244141 0.0638428
2 0.708496 0.270508 0.015625 0.0170898 0.0549927
1 0.470215 0.344971 0.0244141 0.0219727 0.0470886
1 0.130493 0.777832 0.0144043 0.0195312 0.0328064
1 0.331787 0.719238 0.00976562 0.0117188 0.032196
2 0.180908 0.666992 0.0124512 0.0126953 0.0314026
2 0.478882 0.351074 0.0422363 0.0351562 0.0271759
0 0.248779 0.720703 0.0200195 0.0205078 0.0202942
2 0.132324 0.992188 0.0114746 0.015625 0.0168304
2 0.338379 0.493164 0.0219727 0.0185547 0.0164642
1 0.480469 0.359863 0.0390625 0.0180664 0.012001
1 0.57373 0.994629 0.015625 0.0107422 0.0107346
1 0.349609 0.483398 0.0161133 0.0166016 0.0105667
2 0.484863 0.361572 0.03125 0.0161133 0.0103989
