2 0.123291 0.776367 0.0888672 0.0722656 0.86377
2 0.20166 0.9646 0.101074 0.0708008 0.708496
1 0.208252 0.913086 0.097168 0.113281 0.691406
2 0.0243988 0.896484 0.0327454 0.0585938 0.67627
2 0.208374 0.912354 0.0979004 0.114746 0.541992
1 0.203857 0.963623 0.0966797 0.0727539 0.477051
1 0.123779 0.776367 0.0898438 0.0732422 0.0854492
2 0.400146 0.478027 0.0332031 0.0263672 0.0231323
1 0.0247498 0.896484 0.0346069 0.0585938 0.0185394
0 0.0230408 0.692871 0.0460815 0.0605469 0.0160217
2 0.0743408 0.780762 0.0224609 0.0341797 0.0137634
0 0.0218811 0.681641 0.0437622 0.0380859 0.0125656
2 0.084259 0.791504 0.0407104 0.0507812 0.0122147
0 0.362061 0.603027 0.0336914 0.0302734 0.0101471
