1 0.0332489 0.744629 0.0231018 0.0273438 0.814453
1 0.202148 0.990234 0.0236816 0.0175781 0.74707
0 0.202271 0.990234 0.0234375 0.0195312 0.228882
0 0.0333862 0.744629 0.0234375 0.0273438 0.102051
2 0.945312 0.989258 0.0195312 0.0195312 0.0856323
2 0.776367 0.927734 0.0458984 0.0507812 0.0627441
2 0.267822 0.992188 0.0141602 0.015625 0.0406799
2 0.755371 0.498047 0.0253906 0.0302734 0.029892
2 0.202148 0.990234 0.0239258 0.0175781 0.0227356
0 0.42334 0.908691 0.00878906 0.0117188 0.0159607
0 0.920898 0.212769 0.015625 0.0109863 0.013176
2 0.0601807 0.907715 0.0141602 0.015625 0.0124207
