0 0.615723 0.494141 0.0332031 0.0371094 0.899902
1 0.675781 0.570801 0.0292969 0.046875 0.862793
1 0.708984 0.560059 0.0478516 0.0458984 0.858398
0 0.572266 0.47937 0.0302734 0.0373535 0.84082
1 0.468262 0.93457 0.0146484 0.0244141 0.830566
1 0.819336 0.476074 0.0498047 0.046875 0.79541
0 0.310791 0.586914 0.0380859 0.0302734 0.773926
0 0.833008 0.437256 0.0205078 0.0361328 0.711426
1 0.464722 0.899414 0.0256348 0.0166016 0.701172
1 0.751465 0.313477 0.03125 0.0361328 0.686035
0 0.786621 0.503906 0.0410156 0.0253906 0.668457
1 0.924316 0.0192413 0.0351562 0.028656 0.621094
1 0.558105 0.5 0.0185547 0.0273438 0.608887
1 0.804688 0.365967 0.0253906 0.0180664 0.603516
1 0.473633 0.915039 0.0146484 0.0273438 0.568848
0 0.772461 0.485352 0.0283203 0.03125 0.544922
1 0.990234 0.429443 0.0195312 0.0581055 0.467529
1 0.474609 0.939453 0.0117188 0.0166016 0.332031
0 0.786621 0.499023 0.0458984 0.0351562 0.328857
0 0.812012 0.13147 0.0126953 0.0187988 0.305664
1 0.804199 0.44165 0.03125 0.0449219 0.29834
0 0.558105 0.500488 0.0185547 0.0273438 0.297119
1 0.310059 0.586914 0.0366211 0.0292969 0.267822
0 0.75 0.313721 0.0283203 0.0366211 0.265625
1 0.993164 0.443115 0.0136719 0.0332031 0.243774
1 0.749512 0.411133 0.0136719 0.0131836 0.202026
0 0.819336 0.476196 0.0488281 0.0466309 0.184082
0 0.804688 0.441406 0.0322266 0.043457 0.17395
1 0.812988 0.355957 0.0214844 0.0200195 0.172729
1 0.989258 0.416504 0.0195312 0.0336914 0.16394
0 0.924316 0.0169067 0.0361328 0.0324707 0.155273
0 0.989258 0.41626 0.0195312 0.0336914 0.151123
2 0.749512 0.411133 0.0136719 0.0126953 0.146851
0 0.42627 0.56543 0.0117188 0.0185547 0.138428
1 0.572266 0.479004 0.0302734 0.0371094 0.125366
1 0.833008 0.436523 0.0214844 0.0351562 0.121338
0 0.921387 0.0050354 0.0302734 0.0100708 0.118835
1 0.30249 0.594727 0.0224609 0.0166016 0.118347
0 0.834473 0.329834 0.0214844 0.012207 0.111877
0 0.708984 0.560059 0.0488281 0.0458984 0.108582
0 0.990234 0.428711 0.0195312 0.0576172 0.0966797
0 0.82959 0.435547 0.0292969 0.0371094 0.0924072
1 0.4646 0.904297 0.0249023 0.0253906 0.0921021
1 0.928711 0.0244293 0.0273438 0.0191345 0.088623
0 0.437256 0.828613 0.0107422 0.0146484 0.0877075
0 0.778809 0.497559 0.0322266 0.0292969 0.0857544
1 0.476562 0.937988 0.0107422 0.0185547 0.0848389
2 0.775391 0.286621 0.0214844 0.0288086 0.0827637
0 0.306152 0.589355 0.0307617 0.0263672 0.0771484
0 0.925781 0.0228882 0.0332031 0.0202637 0.0732422
1 0.433594 0.855469 0.0180664 0.0234375 0.0721436
1 0.437256 0.828613 0.0107422 0.0146484 0.0667114
1 0.305908 0.589844 0.0307617 0.0253906 0.0665283
0 0.805664 0.366455 0.0253906 0.0170898 0.0615234
2 0.722656 0.789551 0.0175781 0.0126953 0.0612793
1 0.834473 0.329834 0.0214844 0.012207 0.0606079
1 0.615234 0.494141 0.0332031 0.0371094 0.0603333
0 0.813477 0.355469 0.0195312 0.0175781 0.0595093
1 0.807617 0.357422 0.0283203 0.0288086 0.0576477
0 0.675293 0.570801 0.0292969 0.046875 0.057373
1 0.472168 0.922363 0.0166016 0.0292969 0.0550842
0 0.438232 0.829102 0.0078125 0.0126953 0.0532532
1 0.987305 0.426514 0.0195312 0.0478516 0.0531006
2 0.785645 0.299316 0.0351562 0.0332031 0.0516052
0 0.42627 0.563965 0.0151367 0.0234375 0.0488586
0 0.304932 0.59375 0.0229492 0.0166016 0.0462341
1 0.438232 0.829102 0.0078125 0.0126953 0.0423279
2 0.473755 0.915039 0.0163574 0.0283203 0.0419617
0 0.475098 0.938965 0.00976562 0.0166016 0.0392761
1 0.797363 0.365479 0.0175781 0.0161133 0.0381775
1 0.464966 0.828613 0.00854492 0.015625 0.0366821
1 0.76416 0.438965 0.0078125 0.0185547 0.0358276
1 0.893066 0.0206299 0.0136719 0.0175781 0.035675
1 0.812012 0.131592 0.0126953 0.0192871 0.0352478
0 0.772461 0.491699 0.0253906 0.0273438 0.0338135
2 0.73584 0.404541 0.0136719 0.0117188 0.0336914
1 0.772949 0.485352 0.0253906 0.03125 0.0335083
1 0.464355 0.823242 0.00878906 0.0244141 0.0329285
1 0.786621 0.503906 0.0410156 0.0253906 0.0323792
1 0.42627 0.56543 0.012207 0.0195312 0.0315552
1 0.299316 0.59375 0.0166016 0.0136719 0.0306091
1 0.297119 0.592285 0.0136719 0.0126953 0.0300903
2 0.993164 0.671875 0.0117188 0.0263672 0.0285645
1 0.470825 0.916016 0.0222168 0.0322266 0.0271606
0 0.822266 0.434082 0.0400391 0.0375977 0.0263824
1 0.921875 0.00485229 0.0292969 0.00970459 0.0257416
0 0.32373 0.588867 0.0136719 0.0175781 0.0235901
0 0.4646 0.898438 0.0258789 0.015625 0.0234222
1 0.821777 0.434326 0.0390625 0.0375977 0.0232544
0 0.468262 0.93457 0.0146484 0.0244141 0.0228424
0 0.474121 0.916016 0.015625 0.0283203 0.0225525
2 0.921387 0.139648 0.0253906 0.0266113 0.0224457
1 0.794434 0.44873 0.0146484 0.0366211 0.021637
0 0.820312 0.438477 0.03125 0.0400391 0.0213013
0 0.893066 0.0206299 0.0136719 0.0175781 0.0177155
1 0.775391 0.286621 0.0214844 0.0288086 0.0177002
1 0.960938 0.438477 0.00878906 0.0214844 0.0170898
2 0.515625 0.495605 0.0136719 0.0166016 0.0165558
0 0.800293 0.483398 0.0166016 0.0332031 0.0145798
0 0.773926 0.503906 0.0253906 0.0214844 0.0144577
0 0.433594 0.855469 0.0180664 0.0234375 0.0144119
2 0.467407 0.93457 0.0144043 0.0244141 0.0141373
1 0.780273 0.44751 0.0400391 0.0395508 0.0137024
2 0.793457 0.300293 0.0195312 0.0292969 0.0134964
0 0.794434 0.44873 0.0136719 0.0361328 0.013031
0 0.316895 0.576172 0.0195312 0.0107422 0.012764
1 0.783203 0.300049 0.0361328 0.0341797 0.0123138
0 0.780273 0.482422 0.0341797 0.03125 0.0114975
1 0.42627 0.562988 0.0161133 0.0273438 0.0111084
2 0.474609 0.939453 0.0117188 0.0166016 0.0110779
0 0.297119 0.592285 0.0136719 0.0126953 0.0107193
1 0.805176 0.369629 0.0253906 0.0273438 0.0106506
0 0.790039 0.492676 0.0419922 0.0449219 0.0105896
1 0.473022 0.942383 0.0119629 0.0136719 0.0103836
0 0.807617 0.357422 0.0283203 0.0288086 0.0101929
2 0.464722 0.899414 0.0256348 0.0166016 0.0101395
0 0.464355 0.823242 0.00878906 0.0244141 0.0100784
