2 0.157471 0.416748 0.0495605 0.0546875 0.933594
2 0.810547 0.875977 0.0351562 0.0400391 0.913574
2 0.113037 0.304199 0.0480957 0.0463867 0.905762
2 0.19458 0.325928 0.0419922 0.0444336 0.84375
2 0.77832 0.87793 0.0332031 0.0341797 0.832031
2 0.844727 0.861328 0.0263672 0.0351562 0.810059
1 0.0683594 0.170532 0.0456543 0.0307617 0.80127
2 0.0684814 0.17041 0.0463867 0.0307617 0.449951
1 0.194702 0.325684 0.043457 0.0449219 0.164795
2 0.27124 0.327881 0.0141602 0.0317383 0.030777
2 0.30835 0.273682 0.0288086 0.0161133 0.0278931
1 0.157593 0.41626 0.0488281 0.0541992 0.0277557
2 0.182373 0.313232 0.0283203 0.0234375 0.0204163
1 0.113129 0.303711 0.0488892 0.0463867 0.0187225
2 0.758301 0.87207 0.0166016 0.0234375 0.0124741
2 0.138428 0.712402 0.0253906 0.03125 0.0108871
