1 0.67041 0.41626 0.0400391 0.0283203 0.766113
0 0.640625 0.0979004 0.0371094 0.0463867 0.705566
0 0.667969 0.0703125 0.0361328 0.020874 0.697754
1 0.220398 0.96167 0.0386963 0.0375977 0.556641
2 0.220459 0.96167 0.0400391 0.0375977 0.543457
0 0.61377 0.0801392 0.0146484 0.0128174 0.37085
0 0.66748 0.0828857 0.0390625 0.0458984 0.365234
0 0.669922 0.416504 0.0400391 0.0288086 0.245728
1 0.245361 0.950684 0.0185547 0.0322266 0.194214
1 0.655762 0.414795 0.0117188 0.0185547 0.108215
0 0.190796 0.0391235 0.010498 0.0113525 0.0924683
1 0.244873 0.956055 0.0166016 0.0234375 0.0690308
1 0.469849 0.82373 0.0231934 0.0195312 0.0573425
2 0.833496 0.80957 0.0136719 0.0136719 0.0378418
1 0.190796 0.0391235 0.010498 0.0113525 0.0360718
0 0.648926 0.103729 0.0214844 0.0335083 0.030426
0 0.610352 0.447266 0.0136719 0.0107422 0.0291138
1 0.284668 0.343262 0.015625 0.015625 0.0236816
1 0.242432 0.942383 0.0224609 0.0283203 0.0202637
2 0.245361 0.945801 0.0175781 0.0332031 0.0193481
1 0.61377 0.079895 0.0146484 0.0128174 0.0176697
0 0.655762 0.413574 0.0117188 0.0166016 0.0172729
0 0.284668 0.343506 0.015625 0.015625 0.0157471
1 0.668945 0.0714111 0.0380859 0.0229492 0.0156097
1 0.243652 0.949219 0.0249023 0.0371094 0.0125961
2 0.176147 0.368408 0.0319824 0.0214844 0.012558
0 0.647461 0.101196 0.0292969 0.0388184 0.0122986
2 0.469849 0.82373 0.0222168 0.0195312 0.0116577
1 0.00494385 0.601562 0.00915527 0.0224609 0.0104523
2 0.245361 0.955566 0.0180664 0.0244141 0.0101852
1 0.610352 0.447266 0.0136719 0.0107422 0.0101776
