1 0.220947 0.262451 0.0390625 0.034668 0.942383
1 0.52002 0.0587769 0.0527344 0.0445557 0.903809
1 0.746582 0.0671387 0.0332031 0.0380859 0.873047
1 0.229736 0.681641 0.0322266 0.03125 0.869629
2 0.599609 0.782715 0.0292969 0.0419922 0.864746
1 0.939453 0.050705 0.0214844 0.0416565 0.859863
2 0.191528 0.251465 0.0256348 0.027832 0.802246
1 0.200928 0.651855 0.0380859 0.0322266 0.772461
1 0.23877 0.272461 0.0336914 0.0405273 0.755371
1 0.218079 0.705078 0.024292 0.0253906 0.75293
2 0.232178 0.709961 0.0224609 0.0253906 0.723145
1 0.897949 0.205444 0.0302734 0.036377 0.712891
1 0.258057 0.692383 0.03125 0.0371094 0.676758
1 0.228943 0.266113 0.0411377 0.0385742 0.566895
1 0.21814 0.652344 0.0163574 0.0224609 0.525879
1 0.225098 0.694336 0.0288086 0.0292969 0.455566
0 0.666992 0.01297 0.0517578 0.0259399 0.391113
2 0.210205 0.684082 0.013916 0.0234375 0.309326
2 0.678711 0.116577 0.0126953 0.0187988 0.293213
0 0.243652 0.269531 0.0234375 0.0341797 0.288086
1 0.371094 0.292725 0.0131836 0.034668 0.255615
0 0.371094 0.292725 0.0131836 0.0341797 0.25415
0 0.481445 0.0314941 0.0400391 0.0549316 0.227173
1 0.579102 0.790527 0.0205078 0.0419922 0.209106
0 0.239014 0.272949 0.0327148 0.0390625 0.206543
0 0.746094 0.0673828 0.0332031 0.0380859 0.18689
1 0.231201 0.709473 0.0263672 0.0253906 0.177002
2 0.774414 0.615234 0.0185547 0.015625 0.143921
0 0.258057 0.691895 0.0307617 0.0371094 0.131592
1 0.243408 0.269531 0.0244141 0.034668 0.12915
2 0.28125 0.705566 0.0166016 0.0195312 0.116943
1 0.19165 0.251221 0.0266113 0.0273438 0.109375
0 0.897461 0.205078 0.0292969 0.0351562 0.106445
2 0.231445 0.705078 0.0229492 0.0253906 0.0930176
1 0.211182 0.683105 0.0141602 0.0244141 0.0789185
0 0.229248 0.266357 0.0429688 0.0395508 0.0785522
1 0.231445 0.795898 0.0185547 0.0253906 0.078064
0 0.579102 0.791016 0.0195312 0.0419922 0.0752563
2 0.690918 0.126587 0.0166016 0.0178223 0.0743408
2 0.218506 0.70459 0.0249023 0.0273438 0.071167
0 0.511719 0.00457764 0.0351562 0.0090332 0.0708008
0 0.231445 0.795898 0.0185547 0.0253906 0.0671387
2 0.118164 0.289307 0.0124512 0.0297852 0.0622253
2 0.79248 0.845215 0.0126953 0.0166016 0.0544434
1 0.512695 0.0129395 0.0361328 0.0241089 0.0538025
1 0.774414 0.615234 0.0195312 0.015625 0.0535583
2 0.769531 0.602539 0.0273438 0.0302734 0.0509338
2 0.834473 0.19873 0.0371094 0.0373535 0.0500183
0 0.52002 0.0592651 0.0527344 0.0444336 0.0437317
2 0.319824 0.13623 0.0283203 0.0524902 0.0433044
1 0.118286 0.290771 0.0119629 0.0268555 0.0400696
2 0.591797 0.785156 0.0273438 0.0449219 0.0381165
1 0.766602 0.597656 0.0263672 0.0244141 0.0379028
2 0.767578 0.599609 0.0244141 0.0214844 0.0376587
1 0.769531 0.602539 0.0292969 0.0292969 0.037262
1 0.690918 0.126587 0.0166016 0.0180664 0.0364075
0 0.220947 0.262207 0.0395508 0.0356445 0.0358276
0 0.200623 0.651367 0.0372314 0.0332031 0.0355835
2 0.615723 0.0102081 0.0576172 0.0204163 0.0311432
2 0.217773 0.723633 0.019043 0.0126953 0.0291443
2 0.219055 0.652344 0.0169678 0.0224609 0.0287933
2 0.256348 0.691895 0.0307617 0.0341797 0.0281372
2 0.858887 0.162231 0.0498047 0.0454102 0.027832
0 0.24707 0.267822 0.0195312 0.0292969 0.0270538
1 0.511719 0.00457764 0.0351562 0.0090332 0.0240326
0 0.512695 0.0142517 0.0361328 0.0265503 0.0239868
2 0.57959 0.789551 0.0205078 0.0429688 0.0230408
1 0.678711 0.116455 0.0126953 0.0187988 0.0228119
0 0.174927 0.185181 0.0273438 0.0449219 0.0211487
2 0.229736 0.681641 0.0317383 0.0302734 0.0209351
2 0.244873 0.695312 0.0166016 0.0273438 0.020462
2 0.210083 0.681152 0.0170898 0.0273438 0.0202637
1 0.591797 0.785645 0.0283203 0.0449219 0.019928
2 0.260254 0.705078 0.0239258 0.0136719 0.0192413
1 0.260254 0.705078 0.0239258 0.0136719 0.0188141
0 0.175293 0.168945 0.0251465 0.0163574 0.018692
0 0.229492 0.681152 0.0322266 0.0292969 0.0183563
1 0.666992 0.0142517 0.0537109 0.0285034 0.0183563
2 0.220886 0.262207 0.0391846 0.034668 0.0166779
1 0.599609 0.782227 0.0292969 0.0419922 0.016571
0 0.939453 0.0502319 0.0234375 0.043335 0.0151825
2 0.231934 0.79541 0.0200195 0.0263672 0.014679
2 0.225098 0.694336 0.0288086 0.0292969 0.0143356
1 0.231201 0.705078 0.0224609 0.0253906 0.013855
0 0.713867 0.821289 0.0351562 0.0332031 0.0137405
2 0.282715 0.729492 0.0263672 0.0273438 0.0132141
0 0.218079 0.705078 0.024292 0.0263672 0.0127182
2 0.772949 0.608887 0.0283203 0.03125 0.0123138
1 0.482422 0.0327301 0.0400391 0.056366 0.0118484
2 0.371338 0.293701 0.0126953 0.0341797 0.0110474
2 0.959717 0.0184784 0.0297852 0.0340881 0.0110321
2 0.939453 0.0513916 0.0214844 0.0427246 0.0105972
