2 0.913574 0.0822144 0.0507812 0.0457764 0.884766
2 0.211853 0.745605 0.0377197 0.0410156 0.85498
2 0.201294 0.792969 0.0402832 0.0410156 0.837402
1 0.899902 0.108002 0.0371094 0.0354614 0.580078
2 0.949219 0.0915833 0.0175781 0.0297241 0.527832
2 0.900391 0.107208 0.0371094 0.0363159 0.425537
2 0.0895691 0.856934 0.0405884 0.0273438 0.174927
1 0.0906372 0.856934 0.0396729 0.0263672 0.10614
1 0.912109 0.0821533 0.0507812 0.0446777 0.0531616
2 0.594727 0.730469 0.0224609 0.0205078 0.0476379
2 0.2854 0.989258 0.0283203 0.0175781 0.0372009
2 0.547852 0.245361 0.0263672 0.015625 0.0284576
2 0.233398 0.753906 0.0229492 0.0273438 0.0179901
2 0.983154 0.731445 0.0317383 0.0839844 0.0145264
2 0.581055 0.708984 0.0205078 0.0244141 0.0138092
0 0.899414 0.105713 0.0380859 0.0400391 0.0123596
