1 0.623535 0.394287 0.0410156 0.0439453 0.94873
1 0.811523 0.043335 0.0361328 0.03479 0.9375
0 0.950684 0.957275 0.0458984 0.0463867 0.898926
0 0.976318 0.170166 0.0200195 0.0402832 0.865234
2 0.629883 0.869141 0.0244141 0.0283203 0.825195
1 0.804688 0.912109 0.0439453 0.0498047 0.804199
1 0.504395 0.668457 0.0244141 0.0253906 0.777832
0 0.576172 0.363037 0.0400391 0.0307617 0.692383
1 0.988281 0.964844 0.0234375 0.0234375 0.531738
0 0.803711 0.912109 0.0439453 0.0498047 0.226685
0 0.938477 0.969727 0.0371094 0.0292969 0.176147
1 0.561035 0.359131 0.0244141 0.0205078 0.15271
0 0.487793 0.664551 0.0107422 0.0175781 0.150391
0 0.561035 0.359131 0.0244141 0.0205078 0.135986
1 0.938477 0.969727 0.0371094 0.0292969 0.132935
2 0.743164 0.435303 0.0205078 0.0239258 0.112
1 0.487793 0.664551 0.0107422 0.0175781 0.108459
2 0.162842 0.0241089 0.0175781 0.0179443 0.100464
1 0.950439 0.957031 0.0463867 0.046875 0.0957031
0 0.583008 0.363525 0.0283203 0.0307617 0.0845337
2 0.729004 0.43042 0.015625 0.0161133 0.0715332
1 0.578125 0.363281 0.0361328 0.0302734 0.0679932
2 0.342529 0.398682 0.0112305 0.0151367 0.0641479
0 0.987305 0.965332 0.0253906 0.0244141 0.059082
0 0.504395 0.668457 0.0244141 0.0253906 0.0505981
1 0.80127 0.922363 0.0351562 0.0273438 0.0497437
0 0.80127 0.922363 0.0351562 0.0273438 0.0412598
0 0.566406 0.360352 0.0361328 0.0234375 0.0392456
2 0.504883 0.668457 0.0244141 0.0263672 0.023056
2 0.146118 0.0906677 0.0180664 0.0171509 0.0220337
0 0.794922 0.925293 0.0214844 0.0234375 0.0200348
0 0.811523 0.0435181 0.0361328 0.0352783 0.0183563
1 0.794922 0.925293 0.0214844 0.0234375 0.0180664
1 0.566406 0.360352 0.0361328 0.0234375 0.0136108
1 0.995605 0.968018 0.00878906 0.0170898 0.0120773
1 0.490723 0.661621 0.0175781 0.0195312 0.0119247
1 0.79248 0.928223 0.0166016 0.015625 0.0115662
2 0.108521 0.0107574 0.0412598 0.0215149 0.0108414
1 0.927246 0.96582 0.0146484 0.0136719 0.010231
