0 0.133301 0.917969 0.0341797 0.0341797 0.884766
0 0.116943 0.892578 0.0219727 0.0292969 0.717285
0 0.133667 0.95874 0.012207 0.0219727 0.22644
2 0.0865479 0.980469 0.0114746 0.0234375 0.0765991
2 0.323242 0.672852 0.0151367 0.0253906 0.0706177
2 0.137085 0.991699 0.020752 0.0166016 0.0703735
1 0.133667 0.95874 0.012207 0.0219727 0.0644531
1 0.323242 0.67334 0.0151367 0.0263672 0.0365906
2 0.677246 0.970459 0.0478516 0.0571289 0.0232239
1 0.133301 0.917969 0.0341797 0.0351562 0.0174255
2 0.700684 0.941895 0.0126953 0.0175781 0.0113678
