2 0.290283 0.849121 0.0371094 0.0380859 0.908691
2 0.0359497 0.346924 0.0402832 0.0375977 0.797852
2 0.24176 0.703613 0.0467529 0.046875 0.756836
1 0.24176 0.703613 0.0462646 0.0478516 0.692871
1 0.0359497 0.34668 0.041626 0.0371094 0.271484
2 0.233643 0.771484 0.0249023 0.0244141 0.0927124
1 0.233643 0.771484 0.0258789 0.0244141 0.0611877
1 0.290283 0.849609 0.0375977 0.0371094 0.0335083
0 0.0195007 0.365723 0.019165 0.0175781 0.0317383
2 0.941895 0.0870056 0.0302734 0.0361938 0.0233917
2 0.224365 0.77002 0.0317383 0.0263672 0.0213318
2 0.922852 0.335205 0.0292969 0.0302734 0.0178986
2 0.234863 0.959717 0.0244141 0.0239258 0.0158539
0 0.0144958 0.378418 0.0289917 0.0375977 0.0134125
