2 0.804199 0.0484161 0.0498047 0.0472107 0.885254
2 0.731934 0.0440063 0.0498047 0.0415039 0.617676
2 0.886719 0.0289764 0.0214844 0.0290833 0.22522
2 0.949219 0.0921326 0.0449219 0.0352173 0.0915527
1 0.805176 0.048111 0.0507812 0.0468445 0.0888672
2 0.743652 0.0472412 0.0332031 0.0341797 0.0394592
1 0.731934 0.0443726 0.0507812 0.0404053 0.0351868
2 0.823242 0.0576782 0.015625 0.0300293 0.0186462
2 0.72168 0.046814 0.0292969 0.0324707 0.0185699
2 0.823242 0.050415 0.0166016 0.0383301 0.0184174
