0 0.174072 0.194519 0.0585938 0.0513916 0.943848
0 0.198669 0.233887 0.0474854 0.0493164 0.930176
0 0.529785 0.736816 0.0371094 0.0644531 0.906738
0 0.0972595 0.166138 0.0193481 0.0263672 0.645996
2 0.966064 0.989258 0.0131836 0.0175781 0.322754
1 0.966064 0.989258 0.0131836 0.0175781 0.165771
2 0.10437 0.0271606 0.0632324 0.053833 0.135986
1 0.962402 0.989258 0.0224609 0.0195312 0.088501
0 0.0950928 0.278564 0.0107422 0.0141602 0.0752563
1 0.098175 0.00666809 0.0526733 0.0133362 0.0601196
2 0.962402 0.989258 0.0205078 0.0175781 0.0563354
1 0.10437 0.0271606 0.0632324 0.053833 0.0561218
2 0.104004 0.0108948 0.0625 0.0217896 0.0557861
2 0.547363 0.940918 0.0185547 0.0253906 0.0412903
1 0.198364 0.233398 0.0480957 0.0493164 0.0322266
2 0.098175 0.00666809 0.0526733 0.0133362 0.0304413
1 0.0976257 0.165771 0.0205688 0.0263672 0.0254517
1 0.104004 0.0108948 0.0625 0.0217896 0.0227814
1 0.173828 0.194214 0.0588379 0.0515137 0.022583
1 0.0723267 0.195923 0.0235596 0.0195312 0.0165558
2 0.175659 0.34668 0.0112305 0.0341797 0.0157013
2 0.196411 0.635254 0.0410156 0.0410156 0.0149612
1 0.529785 0.73584 0.0371094 0.0644531 0.0109482
1 0.958252 0.990234 0.0249023 0.0175781 0.0103607
