1 0.483398 0.88623 0.0390625 0.0332031 0.17981
0 0.0136108 0.6875 0.0233154 0.0224609 0.173462
0 0.933105 0.946777 0.0175781 0.0117188 0.12262
1 0.468262 0.864258 0.0214844 0.0292969 0.0881348
0 0.496094 0.902832 0.0224609 0.0205078 0.0715332
0 0.483521 0.88623 0.0388184 0.0332031 0.0653076
0 0.467773 0.863281 0.0214844 0.0283203 0.0579834
0 0.469238 0.869629 0.0214844 0.0371094 0.0552063
0 0.47644 0.885742 0.0256348 0.0273438 0.0534363
1 0.476562 0.885742 0.0253906 0.0273438 0.0478516
1 0.933105 0.946289 0.0185547 0.0117188 0.0456238
1 0.473755 0.879395 0.0222168 0.0273438 0.0435486
0 0.0233459 0.825684 0.0193481 0.0195312 0.0421753
0 0.693359 0.849609 0.0175781 0.0195312 0.0410767
1 0.495605 0.899902 0.0253906 0.0283203 0.0378723
0 0.490723 0.89502 0.0341797 0.0341797 0.0303345
1 0.693359 0.849609 0.0175781 0.0185547 0.0295105
0 0.473145 0.879395 0.0214844 0.0263672 0.0286865
1 0.490723 0.89502 0.0341797 0.0341797 0.0247345
0 0.495605 0.899902 0.0253906 0.0283203 0.0180054
1 0.493164 0.884277 0.0244141 0.0214844 0.0162659
1 0.496094 0.902832 0.0224609 0.0205078 0.0158234
1 0.466553 0.860352 0.019043 0.0234375 0.0155792
1 0.46936 0.867188 0.0251465 0.0400391 0.015007
1 0.0717773 0.771484 0.0174561 0.0175781 0.0127716
1 0.0135498 0.6875 0.0239258 0.0234375 0.0123978
2 0.702148 0.0308838 0.0273438 0.0268555 0.0116425
1 0.505859 0.875977 0.0224609 0.0244141 0.0114059
1 0.0233307 0.825684 0.0195007 0.0205078 0.0106506
2 0.0723267 0.771973 0.0169678 0.0175781 0.0104294
2 0.933105 0.946777 0.0175781 0.0117188 0.010231
