1 0.90332 0.12793 0.0390625 0.0390625 0.884277
2 0.965332 0.179321 0.0224609 0.0390625 0.855469
2 0.749512 0.0877075 0.0224609 0.0325928 0.783691
2 0.848145 0.154907 0.0332031 0.026123 0.770996
2 0.878418 0.13501 0.0244141 0.0354004 0.741211
2 0.828125 0.166138 0.0224609 0.0170898 0.69043
2 0.955078 0.0767212 0.03125 0.0306396 0.671387
1 0.955078 0.0765381 0.03125 0.0311279 0.619629
2 0.990234 0.116211 0.0195312 0.0327148 0.57373
2 0.869141 0.206665 0.00878906 0.0195312 0.204102
2 0.851562 0.167969 0.0234375 0.015625 0.146118
1 0.990234 0.116211 0.0195312 0.0332031 0.111389
2 0.969971 0.167725 0.019043 0.0219727 0.108215
2 0.842285 0.154785 0.0263672 0.0231934 0.103333
1 0.746094 0.983398 0.0351562 0.03125 0.0716553
2 0.901855 0.12793 0.0380859 0.0402832 0.0562134
2 0.00540161 0.861816 0.0106201 0.0175781 0.0415344
1 0.827148 0.165894 0.0234375 0.0187988 0.0215912
1 0.848633 0.155762 0.0322266 0.0263672 0.0193176
1 0.965576 0.179077 0.0219727 0.0397949 0.0121231
1 0.878418 0.13623 0.0244141 0.0356445 0.0120621
2 0.867188 0.167969 0.00878906 0.0231934 0.0106277
