0 0.672363 0.43335 0.0761719 0.0864258 0.922363
0 0.700684 0.364014 0.0849609 0.0854492 0.907715
0 0.834473 0.369141 0.0488281 0.0800781 0.873047
0 0.979492 0.171143 0.0410156 0.0720215 0.846191
0 0.214844 0.352051 0.0292969 0.0224609 0.811035
1 0.673828 0.292236 0.0322266 0.0297852 0.808594
1 0.463379 0.733887 0.0507812 0.0673828 0.696777
0 0.0175781 0.797363 0.0316162 0.0605469 0.693848
0 0.779297 0.418701 0.0625 0.0761719 0.582031
1 0.249512 0.628418 0.0385742 0.0263672 0.564453
0 0.992188 0.121094 0.015625 0.0317383 0.468506
0 0.430176 0.689453 0.0463867 0.0439453 0.402588
1 0.00946045 0.925293 0.0162354 0.0283203 0.360596
2 0.69873 0.267578 0.0253906 0.0185547 0.339844
1 0.387939 0.716797 0.0214844 0.0322266 0.334473
1 0.991699 0.121216 0.0166016 0.0322266 0.330078
1 0.262451 0.630859 0.0195312 0.0283203 0.268799
0 0.78418 0.432129 0.0507812 0.059082 0.242065
1 0.979492 0.171753 0.0410156 0.0720215 0.1875
0 0.791992 0.42334 0.0351562 0.0458984 0.180298
0 0.00985718 0.922852 0.015625 0.03125 0.167358
0 0.00558472 0.901855 0.0109253 0.0224609 0.167358
1 0.700684 0.363281 0.0849609 0.0854492 0.0999756
1 0.424561 0.711426 0.0556641 0.0429688 0.0841675
0 0.990234 0.182129 0.0195312 0.0517578 0.0743408
0 0.674316 0.291992 0.0332031 0.0302734 0.0703125
1 0.0170898 0.797363 0.0334473 0.0605469 0.0703125
0 0.987305 0.175293 0.0234375 0.0700684 0.0700073
1 0.383301 0.71582 0.0283203 0.0341797 0.0632324
0 0.423828 0.711914 0.0546875 0.0449219 0.0600281
0 0.481445 0.710449 0.0214844 0.0205078 0.0561218
1 0.44165 0.716797 0.027832 0.0361328 0.055481
1 0.69043 0.281982 0.0214844 0.0185547 0.0500488
1 0.405762 0.72168 0.0185547 0.0214844 0.0491028
0 0.464111 0.733887 0.0532227 0.0664062 0.039978
1 0.427002 0.692383 0.0546875 0.0478516 0.039856
0 0.988281 0.0233612 0.0195312 0.0184631 0.0392456
1 0.481445 0.710449 0.0224609 0.0205078 0.038269
2 0.681152 0.265869 0.0175781 0.0131836 0.0379944
1 0.681152 0.265869 0.0175781 0.0131836 0.0359192
0 0.406006 0.72168 0.0180664 0.0205078 0.035553
1 0.677734 0.265381 0.0166016 0.0107422 0.0351868
1 0.990234 0.182129 0.0195312 0.0517578 0.0349731
0 0.00915527 0.914551 0.0183105 0.0458984 0.0328064
0 0.00643921 0.90625 0.0125122 0.0332031 0.0312042
1 0.442139 0.718262 0.0180664 0.0351562 0.0302582
1 0.672363 0.433472 0.0751953 0.0861816 0.029892
0 0.44165 0.716797 0.0283203 0.0380859 0.0293274
1 0.00897217 0.918945 0.0174561 0.0380859 0.0291748
1 0.00619507 0.904785 0.012146 0.0283203 0.0289307
1 0.407715 0.714355 0.0253906 0.0361328 0.0288391
2 0.0954895 0.80957 0.0206909 0.0253906 0.0261688
1 0.449463 0.718262 0.0263672 0.0332031 0.0230408
1 0.2146 0.352539 0.0283203 0.0229492 0.0222015
1 0.687012 0.286133 0.0302734 0.0283203 0.0221405
0 0.432129 0.705566 0.0595703 0.0595703 0.0217438
0 0.828125 0.485352 0.0234375 0.0117188 0.0193024
0 0.827148 0.487793 0.0283203 0.0166016 0.0179749
1 0.833984 0.368896 0.0488281 0.0800781 0.0171661
0 0.021698 0.794922 0.0214233 0.0556641 0.0166473
1 0.987305 0.175049 0.0234375 0.0693359 0.0155563
2 0.261719 0.630371 0.0175781 0.0263672 0.0154877
2 0.249268 0.628418 0.0375977 0.0263672 0.0154572
2 0.387939 0.716797 0.0205078 0.0332031 0.0152206
0 0.994141 0.0183716 0.0117188 0.0154419 0.0147171
0 0.436279 0.696777 0.0317383 0.0332031 0.0146866
2 0.692871 0.267334 0.0234375 0.0166016 0.0145416
0 0.421875 0.699707 0.0639648 0.0546875 0.0144501
1 0.825684 0.494141 0.0292969 0.0283203 0.0143738
0 0.825684 0.494141 0.0292969 0.0283203 0.0142441
1 0.827148 0.487793 0.0283203 0.0166016 0.0139999
0 0.805664 0.365234 0.101562 0.0864258 0.0138397
1 0.451904 0.722168 0.0405273 0.0488281 0.0135498
0 0.407471 0.713867 0.0253906 0.0361328 0.0131073
1 0.418945 0.71582 0.0483398 0.0322266 0.01194
0 0.785156 0.443115 0.0263672 0.0327148 0.0108032
2 0.677734 0.265381 0.0166016 0.0107422 0.0103683
0 0.442139 0.718262 0.0180664 0.0351562 0.0103455
0 0.69043 0.281982 0.0214844 0.0185547 0.0100327
