1 0.333008 0.640625 0.0581055 0.0615234 0.911133
2 0.525391 0.238831 0.0449219 0.0623779 0.870117
0 0.288818 0.0213928 0.0371094 0.0427856 0.839844
0 0.199646 0.456909 0.0509033 0.045166 0.788086
0 0.20813 0.67627 0.0319824 0.0625 0.758789
0 0.351807 0.123413 0.0371094 0.032959 0.744141
0 0.327637 0.925293 0.0317383 0.0361328 0.743652
0 0.392334 0.967529 0.0556641 0.0532227 0.728027
1 0.26416 0.857422 0.0444336 0.0507812 0.718262
2 0.481934 0.210632 0.0478516 0.053833 0.705078
1 0.256592 0.933594 0.0366211 0.0507812 0.700684
0 0.409424 0.914062 0.0336914 0.0390625 0.696777
0 0.529297 0.979736 0.0332031 0.0405273 0.6875
0 0.29126 0.657227 0.0249023 0.046875 0.679688
1 0.206726 0.765625 0.0352783 0.0302734 0.638672
0 0.435791 0.948975 0.0400391 0.043457 0.600098
2 0.264404 0.857422 0.0439453 0.0507812 0.583984
1 0.335205 0.692383 0.0366211 0.0517578 0.569824
2 0.386963 0.295654 0.0253906 0.0395508 0.565918
1 0.361084 0.940918 0.0444336 0.0400391 0.563477
0 0.394043 0.147583 0.0341797 0.0285645 0.508789
2 0.791016 0.0787659 0.0292969 0.0328979 0.491211
1 0.298584 0.136108 0.0385742 0.0410156 0.453125
1 0.791016 0.07901 0.0292969 0.0324097 0.436523
2 0.40918 0.309326 0.0224609 0.034668 0.381348
0 0.122437 0.600098 0.0847168 0.0615234 0.323486
1 0.39502 0.858887 0.0444336 0.0400391 0.318604
1 0.347168 0.704102 0.0229492 0.0302734 0.313477
1 0.42749 0.991211 0.0117188 0.0175781 0.259766
2 0.361572 0.941406 0.0439453 0.0400391 0.258789
0 0.353271 0.90918 0.0249023 0.0341797 0.237671
0 0.347168 0.704102 0.0224609 0.0302734 0.216187
2 0.413574 0.310059 0.0292969 0.0380859 0.210083
0 0.0901184 0.612793 0.0172729 0.0410156 0.202393
1 0.39209 0.967285 0.0546875 0.0517578 0.197021
2 0.395264 0.858398 0.0444336 0.0400391 0.166382
1 0.395508 0.147949 0.0327148 0.0268555 0.15686
1 0.439941 0.944336 0.0463867 0.0488281 0.155884
0 0.330811 0.882812 0.0385742 0.0400391 0.151245
1 0.181885 0.511719 0.0415039 0.0410156 0.131714
0 0.441162 0.943359 0.0493164 0.0546875 0.127197
1 0.353271 0.90918 0.0249023 0.0341797 0.119141
1 0.29126 0.657715 0.0239258 0.0449219 0.111145
0 0.42749 0.991211 0.0117188 0.0175781 0.0996094
0 0.256836 0.933594 0.0375977 0.0507812 0.0946655
1 0.331543 0.887207 0.0385742 0.0322266 0.0845337
1 0.341064 0.70166 0.0307617 0.0390625 0.0824585
2 0.694824 0.177734 0.0400391 0.0415039 0.0722656
1 0.327637 0.925293 0.03125 0.0361328 0.0686035
0 0.341064 0.890137 0.0209961 0.0263672 0.0610962
1 0.288818 0.0213013 0.0375977 0.0426025 0.056366
2 0.495605 0.211914 0.0195312 0.0458984 0.0535583
0 0.333008 0.88916 0.0366211 0.0292969 0.0531311
0 0.183105 0.511719 0.0378418 0.0410156 0.0525818
0 0.14856 0.586426 0.0334473 0.0351562 0.0510864
1 0.407715 0.913086 0.0375977 0.0410156 0.0509949
1 0.331055 0.880371 0.0410156 0.0419922 0.050415
2 0.205322 0.766113 0.0341797 0.0302734 0.0502625
0 0.217163 0.444336 0.0178223 0.0219727 0.0480957
1 0.293457 0.148071 0.0244141 0.0175781 0.0478516
0 0.29834 0.136108 0.0390625 0.0405273 0.0360718
0 0.334717 0.693359 0.0356445 0.0498047 0.035553
1 0.431885 0.950928 0.03125 0.0395508 0.0326843
2 0.390381 0.299805 0.0258789 0.0390625 0.0309296
0 0.190308 0.513184 0.0258789 0.0390625 0.0299683
2 0.324951 0.994141 0.0258789 0.00976562 0.0287018
2 0.673828 0.194336 0.0224609 0.0212402 0.0281067
1 0.199768 0.456665 0.0511475 0.0446777 0.0271606
0 0.43042 0.95166 0.0297852 0.0400391 0.0268555
2 0.298096 0.13623 0.0390625 0.041748 0.0263672
1 0.324951 0.994141 0.0258789 0.00976562 0.0253601
0 0.361084 0.940918 0.0439453 0.0400391 0.0236053
1 0.352051 0.123047 0.0375977 0.032959 0.0232697
1 0.190063 0.513184 0.0263672 0.0400391 0.0218506
2 0.42749 0.991211 0.0117188 0.0175781 0.0203552
0 0.293213 0.149048 0.0239258 0.0175781 0.0200043
0 0.935547 0.112915 0.0117188 0.0231934 0.0198059
2 0.213074 0.490723 0.022583 0.0302734 0.0187531
2 0.293457 0.148071 0.0244141 0.0175781 0.0179138
0 0.331787 0.12561 0.0732422 0.0390625 0.0177917
2 0.256348 0.933105 0.0361328 0.0498047 0.0176544
2 0.405518 0.310303 0.015625 0.0341797 0.0171051
1 0.528809 0.979736 0.0351562 0.0405273 0.0168457
2 0.500488 0.236328 0.0126953 0.0292969 0.0167847
1 0.339111 0.888672 0.0253906 0.0273438 0.0167542
1 0.386719 0.905762 0.012207 0.0351562 0.0152893
1 0.207153 0.673828 0.0300293 0.0595703 0.0144119
0 0.21521 0.694336 0.0192871 0.0273438 0.0135117
0 0.206726 0.765625 0.0352783 0.0302734 0.0126877
2 0.929199 0.158081 0.0214844 0.0324707 0.0122604
1 0.333496 0.70166 0.0327148 0.0507812 0.0122528
1 0.348145 0.63916 0.0273438 0.0566406 0.01194
0 0.130493 0.593262 0.0722656 0.0507812 0.0118637
2 0.929199 0.145386 0.0234375 0.0529785 0.0114517
1 0.481934 0.210815 0.0488281 0.0549316 0.0114136
2 0.347168 0.704102 0.0224609 0.03125 0.0112839
1 0.0901184 0.612793 0.0172729 0.0410156 0.0111694
1 0.367188 0.893555 0.0322266 0.0283203 0.0109177
0 0.332764 0.640625 0.0581055 0.0615234 0.0108261
0 0.344482 0.89209 0.0239258 0.0263672 0.0103607
2 0.510254 0.0799866 0.0322266 0.0519409 0.0102997
0 0.212891 0.490234 0.0283203 0.0351562 0.0102463
0 0.405762 0.955566 0.0268555 0.0302734 0.0101471
