2 0.0440826 0.49707 0.0480652 0.0449219 0.90625
1 0.234802 0.413574 0.050415 0.046875 0.898926
2 0.560059 0.0533447 0.0410156 0.0435791 0.886719
0 0.595215 0.0341339 0.0585938 0.0586853 0.879883
0 0.546387 0.0173035 0.0605469 0.0344849 0.842285
2 0.0052948 0.246094 0.0105896 0.0263672 0.403564
2 0.018219 0.240234 0.0167236 0.0161133 0.225464
1 0.595215 0.0338745 0.0595703 0.0594482 0.104553
1 0.546875 0.0171814 0.0615234 0.0338745 0.0679321
1 0.0181885 0.240234 0.017334 0.0161133 0.0303497
1 0.0441284 0.49707 0.0493164 0.0449219 0.0250854
0 0.235352 0.413818 0.0507812 0.0463867 0.0222931
1 0.560059 0.0533447 0.0419922 0.0457764 0.0208282
1 0.00561523 0.246338 0.0112305 0.0273438 0.0185394
2 0.433838 0.519043 0.015625 0.0253906 0.0183258
2 0.0150757 0.226135 0.0187988 0.0184326 0.0178528
2 0.235107 0.413818 0.0507812 0.046875 0.0118179
0 0.560059 0.0529785 0.0429688 0.0463867 0.0117188
