0 0.317627 0.0544434 0.0463867 0.0532227 0.887695
0 0.385986 0.0657959 0.046875 0.0472412 0.854492
0 0.171387 0.488281 0.0209961 0.0371094 0.750977
0 0.149048 0.358398 0.0197754 0.0234375 0.683594
2 0.357178 0.181763 0.0151367 0.0136719 0.204346
1 0.386475 0.269775 0.00878906 0.0151367 0.141602
0 0.386475 0.269775 0.00878906 0.0151367 0.130371
1 0.171265 0.488281 0.0212402 0.0371094 0.0985107
1 0.356689 0.179688 0.0166016 0.0195312 0.0750732
0 0.355957 0.168213 0.0141602 0.0148926 0.0591431
1 0.317383 0.053894 0.0463867 0.0543213 0.0411072
1 0.357178 0.181763 0.0151367 0.0136719 0.0394592
0 0.356689 0.179688 0.0166016 0.0195312 0.0272522
2 0.860352 0.580078 0.0136719 0.0136719 0.0254517
2 0.821777 0.885254 0.0224609 0.0449219 0.0242462
0 0.811523 0.36499 0.0234375 0.0375977 0.012558
1 0.355957 0.168335 0.0146484 0.0151367 0.0110703
