0 0.0751038 0.196533 0.0534058 0.0541992 0.857422
0 0.67334 0.128052 0.0175781 0.020752 0.614258
2 0.614258 0.0570068 0.0214844 0.0214844 0.324463
1 0.0750427 0.196411 0.0527954 0.0554199 0.148438
2 0.620605 0.127563 0.0205078 0.0222168 0.127197
1 0.67334 0.128052 0.0175781 0.0205078 0.0684814
2 0.378418 0.158447 0.0146484 0.0175781 0.0387878
0 0.0904236 0.189819 0.020813 0.0373535 0.0240784
2 0.631836 0.110107 0.0126953 0.0183105 0.023407
2 0.571289 0.125488 0.0126953 0.0187988 0.0232697
2 0.53418 0.13623 0.0136719 0.0107422 0.0194244
2 0.87793 0.450684 0.0566406 0.0429688 0.0168762
2 0.0645752 0.119141 0.0244141 0.0126953 0.0135345
1 0.0904236 0.189819 0.020813 0.0373535 0.0105667
2 0.634277 0.306885 0.03125 0.0244141 0.0105209
