1 0.294678 0.183594 0.0341797 0.0366211 0.931152
2 0.284668 0.15271 0.0371094 0.0373535 0.918457
2 0.327637 0.200439 0.0292969 0.0305176 0.917969
2 0.0119019 0.121338 0.0237427 0.0231934 0.680664
1 0.284668 0.152588 0.0375977 0.0361328 0.618164
2 0.0556641 0.456787 0.0214844 0.0234375 0.47168
1 0.0118408 0.121826 0.0236816 0.0236816 0.150146
2 0.549316 0.729004 0.0253906 0.046875 0.100037
2 0.0544434 0.440918 0.0177002 0.015625 0.0758057
1 0.327393 0.200562 0.0292969 0.0305176 0.0452881
1 0.0440674 0.409912 0.0185547 0.0268555 0.0228119
2 0.32959 0.158447 0.0117188 0.0319824 0.0186462
2 0.0119629 0.104248 0.0202637 0.0146484 0.0183105
0 0.294922 0.18396 0.0341797 0.036377 0.0171661
2 0.004776 0.12439 0.009552 0.0178223 0.0125275
2 0.0435791 0.40918 0.0177002 0.027832 0.0123062
2 0.294678 0.184082 0.034668 0.036377 0.0122681
2 0.0539551 0.437012 0.0186768 0.0229492 0.0100479
