0 0.211426 0.285889 0.0527344 0.0605469 0.926758
0 0.321045 0.0202484 0.0366211 0.0386047 0.922852
0 0.44812 0.472778 0.0490723 0.0456543 0.919922
0 0.518066 0.519043 0.0361328 0.0527344 0.896973
0 0.503418 0.703613 0.0253906 0.03125 0.895996
0 0.630371 0.739258 0.0253906 0.0322266 0.832031
0 0.350586 0.00900269 0.0400391 0.0180054 0.806152
0 0.353516 0.0296936 0.0371094 0.0408325 0.756348
0 0.341309 0.763672 0.0185547 0.046875 0.729492
0 0.668457 0.741211 0.0263672 0.0263672 0.699707
0 0.67041 0.71582 0.0263672 0.0322266 0.68457
0 0.723633 0.876465 0.0253906 0.0224609 0.674316
1 0.67041 0.71582 0.0273438 0.0322266 0.379883
0 0.369873 0.0177917 0.0112305 0.0231323 0.159912
0 0.663574 0.746094 0.015625 0.0166016 0.108337
1 0.630371 0.739258 0.0253906 0.0322266 0.0439148
0 0.316895 0.00549316 0.0283203 0.010498 0.0397034
0 0.342529 0.754395 0.0161133 0.0302734 0.0252228
1 0.211792 0.2854 0.0529785 0.0605469 0.0250092
1 0.0510254 0.290039 0.0316162 0.0175781 0.0230103
0 0.545898 0.837891 0.0244141 0.0107422 0.0223999
0 0.549805 0.837891 0.0166016 0.00976562 0.0189972
0 0.668945 0.735352 0.0283203 0.0380859 0.0188599
0 0.673828 0.735352 0.0175781 0.0175781 0.0185394
1 0.35083 0.00924683 0.0400391 0.0184937 0.0180817
1 0.0576782 0.290039 0.0195312 0.0166016 0.0161133
0 0.341553 0.743652 0.0180664 0.0410156 0.0145035
1 0.518066 0.519043 0.0361328 0.0507812 0.013504
0 0.372559 0.914062 0.0244141 0.0175781 0.0132599
1 0.723633 0.876953 0.0263672 0.0234375 0.0124893
0 0.340576 0.773438 0.0151367 0.0253906 0.0122681
0 0.327881 0.0187988 0.0283203 0.0339355 0.0115967
1 0.545898 0.837891 0.0244141 0.0107422 0.0113373
1 0.444336 0.901367 0.0224609 0.0195312 0.0109634
0 0.523926 0.0277405 0.0527344 0.0346069 0.0108643
