1 0.0723267 0.547852 0.0233154 0.0244141 0.876465
2 0.031723 0.76123 0.0227356 0.0253906 0.845703
1 0.079834 0.577148 0.0255127 0.0263672 0.83252
1 0.182373 0.62207 0.0212402 0.0224609 0.82666
1 0.159058 0.632324 0.0227051 0.0195312 0.807129
1 0.153076 0.614746 0.0224609 0.0234375 0.776855
2 0.164795 0.60498 0.0180664 0.0205078 0.755859
1 0.135986 0.649414 0.0158691 0.0166016 0.745605
2 0.105957 0.722656 0.0205078 0.0214844 0.736816
0 0.281982 0.807129 0.0166016 0.0175781 0.703613
2 0.122803 0.6875 0.0141602 0.0166016 0.696777
2 0.146118 0.661133 0.0227051 0.0244141 0.54541
1 0.14563 0.661133 0.0227051 0.0234375 0.490234
0 0.237061 0.952637 0.012207 0.0185547 0.483154
1 0.21283 0.970459 0.0142822 0.0180664 0.452881
0 0.254639 0.856934 0.0136719 0.0146484 0.428223
2 0.153076 0.614258 0.0229492 0.0234375 0.425537
1 0.236816 0.952637 0.012207 0.0185547 0.353516
2 0.0522461 0.77002 0.0183105 0.0224609 0.227905
0 0.21283 0.970459 0.0142822 0.0180664 0.22522
1 0.254639 0.856934 0.0136719 0.0146484 0.205078
2 0.0581055 0.855469 0.0123291 0.0234375 0.174805
1 0.23999 0.912109 0.0102539 0.0166016 0.144897
1 0.164917 0.604492 0.0175781 0.0205078 0.139771
2 0.0317535 0.540527 0.0187683 0.0185547 0.0878906
0 0.23999 0.912109 0.0102539 0.0166016 0.0843506
2 0.161011 0.631348 0.0202637 0.0224609 0.0802002
2 0.182495 0.62207 0.0212402 0.0224609 0.0686035
2 0.0720825 0.660645 0.0144043 0.0126953 0.0523376
2 0.227051 0.548828 0.0161133 0.0205078 0.0432739
2 0.269531 0.877441 0.0131836 0.0224609 0.0424194
1 0.0316162 0.761719 0.0229492 0.0253906 0.0415955
2 0.136108 0.648926 0.0158691 0.0166016 0.0386963
2 0.212708 0.970459 0.0140381 0.0180664 0.024765
0 0.159058 0.632324 0.0227051 0.0205078 0.0190125
2 0.172852 0.544922 0.0175781 0.0146484 0.0187988
2 0.0799561 0.577148 0.0252686 0.0263672 0.0187378
1 0.0316772 0.540527 0.0185547 0.0185547 0.0183868
0 0.192017 0.941895 0.0114746 0.00976562 0.0171509
1 0.106323 0.722656 0.0209961 0.0224609 0.0160217
2 0.254639 0.857422 0.0131836 0.0146484 0.0142212
2 0.0485229 0.76709 0.0148926 0.0205078 0.0135651
2 0.237061 0.952637 0.012207 0.0185547 0.0135651
1 0.281982 0.807129 0.0166016 0.0175781 0.0134659
2 0.0725098 0.547852 0.0235596 0.0244141 0.0134277
2 0.0188599 0.544922 0.0140381 0.015625 0.0132294
0 0.620605 0.990234 0.0205078 0.0175781 0.0125961
2 0.716797 0.99707 0.0146484 0.00585938 0.0123291
2 0.112061 0.750488 0.0112305 0.0185547 0.0112381
1 0.716797 0.99707 0.0146484 0.00585938 0.0111465
