1 0.849121 0.460449 0.0341797 0.0322266 0.935059
2 0.0301971 0.799316 0.0188293 0.0195312 0.898926
2 0.00775146 0.802246 0.0137329 0.0214844 0.880859
1 0.864258 0.483887 0.0244141 0.0302734 0.856934
1 0.034256 0.270752 0.0240173 0.0200195 0.823242
1 0.0201111 0.467285 0.0212402 0.0253906 0.739258
2 0.612793 0.13562 0.0136719 0.019043 0.726562
2 0.0857849 0.752441 0.019104 0.0195312 0.713379
2 0.0174255 0.815918 0.012146 0.0224609 0.691895
2 0.0770874 0.768066 0.0123291 0.015625 0.605469
2 0.919922 0.518066 0.0107422 0.0224609 0.35083
2 0.110229 0.167603 0.0161133 0.013916 0.238892
2 0.02005 0.467285 0.0213013 0.0253906 0.209106
1 0.85498 0.464966 0.0302734 0.0319824 0.191406
2 0.0743408 0.653809 0.00793457 0.0195312 0.143555
2 0.0835571 0.736328 0.0189209 0.0136719 0.0997314
2 0.0944824 0.744629 0.0107422 0.0195312 0.0754395
2 0.0340118 0.270996 0.0240173 0.0205078 0.0710449
1 0.830078 0.210571 0.0117188 0.0212402 0.0675049
2 0.0890808 0.737793 0.0181274 0.0146484 0.0616455
2 0.0862732 0.750488 0.0244751 0.0244141 0.0335388
2 0.323486 0.570312 0.0175781 0.0175781 0.0301361
0 0.546875 0.478516 0.0576172 0.0332031 0.026062
2 0.0817261 0.764648 0.0196533 0.0195312 0.0204163
1 0.0768433 0.696289 0.012207 0.0234375 0.0176392
2 0.487305 0.00973511 0.0117188 0.0147705 0.0175934
2 0.113037 0.150513 0.0178223 0.0163574 0.0149689
0 0.549805 0.509766 0.0605469 0.103516 0.0149002
0 0.830078 0.210571 0.0117188 0.0212402 0.0142059
2 0.830078 0.211365 0.0117188 0.0196533 0.0140457
0 0.849121 0.459961 0.0341797 0.0332031 0.0133972
0 0.0339966 0.27002 0.024292 0.0205078 0.0122147
2 0.0668335 0.666992 0.0147705 0.0146484 0.0118713
1 0.0177612 0.815918 0.012146 0.0234375 0.0108109
2 0.480957 0.133545 0.015625 0.00927734 0.0103302
