0 0.686523 0.231018 0.0429688 0.0272217 0.856445
1 0.0884399 0.792969 0.0743408 0.0576172 0.834473
1 0.951172 0.255859 0.0527344 0.0488281 0.671875
1 0.941895 0.293457 0.0253906 0.0351562 0.550781
0 0.550781 0.180298 0.0253906 0.0385742 0.526855
0 0.0883789 0.792969 0.0734863 0.0556641 0.225464
1 0.939453 0.250732 0.0292969 0.0307617 0.211548
0 0.950928 0.256104 0.0532227 0.0493164 0.138184
2 0.941895 0.29834 0.0234375 0.0258789 0.123352
0 0.937988 0.248535 0.0283203 0.03125 0.109192
1 0.550781 0.18042 0.0253906 0.0397949 0.0717163
1 0.942383 0.299316 0.0234375 0.0244141 0.0645752
1 0.687012 0.230957 0.0429688 0.0268555 0.0556641
0 0.941895 0.293457 0.0253906 0.0351562 0.0411377
1 0.957764 0.272949 0.0317383 0.015625 0.0351868
0 0.96167 0.244873 0.0297852 0.0229492 0.0340881
1 0.961426 0.245117 0.0302734 0.0229492 0.0277557
1 0.941895 0.283203 0.0214844 0.0180664 0.025528
1 0.951416 0.274902 0.034668 0.0161133 0.0251312
1 0.939941 0.286377 0.0234375 0.0239258 0.0216064
0 0.956543 0.27417 0.0322266 0.0141602 0.0193787
2 0.942383 0.292969 0.0263672 0.034668 0.0147247
1 0.938965 0.241943 0.0273438 0.0239258 0.0139923
1 0.953857 0.263184 0.0415039 0.0371094 0.010643
