1 0.118286 0.911133 0.0219727 0.0322266 0.854004
1 0.202515 0.4104 0.0170898 0.0175781 0.624023
1 0.939941 0.418213 0.015625 0.019043 0.365479
0 0.202515 0.4104 0.017334 0.0175781 0.107483
0 0.088623 0.533691 0.010498 0.00976562 0.0583191
0 0.118408 0.911133 0.0224609 0.0332031 0.0536499
0 0.939941 0.418213 0.015625 0.019043 0.0294952
2 0.118286 0.911133 0.0229492 0.0322266 0.0289001
2 0.202393 0.410645 0.017334 0.0180664 0.0248718
2 0.939941 0.418213 0.015625 0.019043 0.0244141
1 0.0883789 0.533691 0.0106201 0.00976562 0.0177917
2 0.874512 0.283691 0.0146484 0.015625 0.0112381
