0 0.191162 0.306396 0.0222168 0.0458984 0.835449
1 0.85498 0.975586 0.0341797 0.03125 0.817383
1 0.111694 0.878418 0.0424805 0.0361328 0.729004
1 0.47522 0.759277 0.0427246 0.0625 0.728027
1 0.885254 0.976562 0.0410156 0.0253906 0.708008
1 0.572754 0.730469 0.0488281 0.0517578 0.60791
1 0.991211 0.853516 0.015625 0.0410156 0.595215
2 0.572754 0.72998 0.0488281 0.0517578 0.374512
1 0.825195 0.958496 0.0273438 0.0205078 0.316162
2 0.885742 0.976562 0.0400391 0.0253906 0.269287
1 0.875977 0.682617 0.0302734 0.0244141 0.263916
2 0.475464 0.759766 0.0432129 0.0625 0.258545
1 0.971924 0.82959 0.0268555 0.0234375 0.254639
0 0.825195 0.958252 0.0263672 0.0209961 0.170288
0 0.873047 0.682129 0.0244141 0.0234375 0.150024
0 0.111328 0.878418 0.0429688 0.0361328 0.129395
0 0.991211 0.853516 0.015625 0.0419922 0.0889282
0 0.854492 0.975586 0.0341797 0.03125 0.078125
1 0.879883 0.688477 0.0253906 0.0146484 0.0742798
0 0.412598 0.97168 0.0292969 0.0214844 0.0600891
0 0.971924 0.829102 0.0268555 0.0234375 0.0426941
1 0.87207 0.681152 0.0214844 0.0214844 0.0345459
1 0.190796 0.306396 0.0219727 0.0458984 0.0310669
1 0.990234 0.845703 0.0175781 0.0488281 0.0283051
1 0.880371 0.686035 0.0283203 0.0205078 0.023407
0 0.572266 0.72998 0.0498047 0.0527344 0.0205841
2 0.854004 0.974609 0.0341797 0.03125 0.0176849
0 0.879883 0.688477 0.0253906 0.0146484 0.0158539
2 0.111603 0.87793 0.043396 0.0361328 0.0136337
2 0.87207 0.681152 0.0214844 0.0214844 0.013031
1 0.0415649 0.605957 0.0195312 0.0302734 0.0128784
2 0.826172 0.958252 0.0273438 0.0209961 0.0125122
0 0.406006 0.973877 0.0175781 0.0170898 0.0110245
1 0.524414 0.95874 0.0175781 0.0336914 0.0106201
