2 0.77002 0.866211 0.0322266 0.0380859 0.824219
2 0.836426 0.893066 0.0283203 0.0380859 0.822266
0 0.0872192 0.239014 0.019165 0.0268555 0.814941
2 0.981934 0.586914 0.0361328 0.0527344 0.811035
2 0.897949 0.840332 0.046875 0.0576172 0.636719
0 0.158569 0.145142 0.0273438 0.026123 0.594238
1 0.804688 0.866699 0.0419922 0.0361328 0.523438
2 0.803711 0.866699 0.0429688 0.0371094 0.473389
2 0.893555 0.850098 0.0371094 0.0361328 0.384277
0 0.0620728 0.210754 0.0167236 0.0262451 0.353271
2 0.900879 0.832031 0.0400391 0.0419922 0.311279
0 0.996094 0.235107 0.0078125 0.0395508 0.175781
2 0.775879 0.539062 0.0224609 0.0244141 0.175049
0 0.620117 0.600586 0.0302734 0.0429688 0.151367
1 0.981445 0.586914 0.0371094 0.0537109 0.0995483
1 0.739258 0.71875 0.0371094 0.0488281 0.0928955
0 0.739258 0.71875 0.0371094 0.0488281 0.0842896
2 0.56543 0.76123 0.0195312 0.0166016 0.0747681
2 0.922363 0.822266 0.0292969 0.0244141 0.04776
2 0.910645 0.76123 0.0615234 0.0449219 0.042572
0 0.804199 0.866699 0.0429688 0.0371094 0.0326538
1 0.0871582 0.239258 0.0195312 0.0268555 0.0315247
1 0.899902 0.839355 0.0507812 0.0585938 0.0308075
1 0.0621338 0.210693 0.0168457 0.0263672 0.02948
2 0.95459 0.473511 0.0361328 0.0227051 0.0274353
0 0.629395 0.609863 0.0117188 0.0263672 0.0252686
0 0.611816 0.589355 0.0126953 0.0175781 0.0216675
2 0.916992 0.822754 0.0341797 0.0273438 0.0194397
1 0.900879 0.83252 0.0410156 0.0429688 0.0186768
1 0.769531 0.866211 0.0322266 0.0390625 0.0181732
1 0.486694 0.643066 0.0510254 0.0253906 0.0176544
1 0.996094 0.235107 0.0078125 0.0395508 0.0166473
0 0.733887 0.735352 0.0244141 0.0166016 0.0157776
2 0.618652 0.730957 0.0273438 0.0214844 0.0149536
1 0.158081 0.14502 0.0275879 0.0270996 0.0146332
1 0.95459 0.473511 0.0361328 0.0227051 0.0142288
2 0.73877 0.719238 0.0361328 0.0478516 0.014061
1 0.836426 0.893555 0.0283203 0.0400391 0.0120087
1 0.619141 0.426514 0.0175781 0.0166016 0.0119247
2 0.791016 0.867676 0.0205078 0.0361328 0.0112534
2 0.990234 0.461914 0.0195312 0.0351562 0.0110321
2 0.757324 0.537598 0.0205078 0.0244141 0.0107193
