0 0.606445 0.207825 0.0341797 0.0311279 0.871582
1 0.619141 0.235291 0.0341797 0.0343018 0.75293
0 0.331055 0.693359 0.0288086 0.0253906 0.658203
2 0.321289 0.902832 0.0307617 0.0322266 0.602539
2 0.00839233 0.210144 0.0158691 0.0523682 0.593262
2 0.163574 0.994141 0.0158691 0.0117188 0.495117
2 0.768066 0.0236206 0.0488281 0.041626 0.482178
2 0.14978 0.991211 0.0146484 0.015625 0.408691
1 0.580078 0.392334 0.0322266 0.0180664 0.398438
2 0.59375 0.227539 0.0214844 0.0214844 0.384521
2 0.675293 0.421875 0.0205078 0.0131836 0.353027
1 0.331299 0.693359 0.0292969 0.0253906 0.352539
1 0.310303 0.719238 0.019043 0.0214844 0.244629
2 0.619141 0.235657 0.0332031 0.0340576 0.197876
1 0.14917 0.990234 0.0146484 0.015625 0.18689
2 0.519531 0.172974 0.0341797 0.0349121 0.164429
2 0.380127 0.709473 0.0141602 0.0185547 0.151855
0 0.580566 0.392334 0.03125 0.0180664 0.147217
0 0.5 0.447266 0.0126953 0.0229492 0.143555
1 0.606445 0.208008 0.0351562 0.0307617 0.11731
1 0.59375 0.227295 0.0214844 0.0214844 0.0905151
2 0.303711 0.793945 0.0166016 0.0185547 0.0838013
1 0.163696 0.994141 0.015625 0.0117188 0.0662231
2 0.814941 0.0209503 0.0703125 0.0354919 0.0655518
0 0.548828 0.83252 0.00878906 0.0175781 0.0554504
1 0.5 0.447266 0.0126953 0.0234375 0.0442505
2 0.310303 0.720215 0.0195312 0.0234375 0.0422058
2 0.306641 0.79541 0.0239258 0.0214844 0.0344543
1 0.366211 0.801758 0.0253906 0.0107422 0.0322571
0 0.316895 0.803223 0.0117188 0.0107422 0.0279236
2 0.00753784 0.217957 0.0143433 0.0357666 0.027298
1 0.00799561 0.209961 0.0153809 0.0522461 0.0254211
0 0.594238 0.226746 0.0214844 0.0211182 0.0226898
2 0.361572 0.739258 0.0146484 0.0166016 0.0220184
0 0.619141 0.235291 0.0332031 0.0333252 0.0208893
1 0.309326 0.797363 0.0258789 0.0205078 0.0203094
0 0.370117 0.698242 0.0166016 0.0166016 0.0194092
2 0.57959 0.392578 0.0322266 0.0185547 0.0162811
2 0.338135 0.80127 0.0292969 0.0146484 0.0118256
2 0.632812 0.222412 0.0185547 0.0244141 0.0112381
2 0.311523 0.883789 0.0112305 0.0166016 0.0107269
1 0.674805 0.421875 0.0205078 0.0131836 0.010231
