0 0.130859 0.261719 0.0161133 0.0302734 0.710449
0 0.368652 0.045105 0.0117188 0.026123 0.609863
0 0.130737 0.960449 0.0231934 0.0283203 0.469727
0 0.133545 0.232666 0.00927734 0.0273438 0.200073
1 0.133545 0.232666 0.00927734 0.0273438 0.143433
0 0.126709 0.960205 0.0168457 0.0268555 0.107361
0 0.142334 0.972656 0.00976562 0.015625 0.0975342
1 0.368652 0.045166 0.0126953 0.026123 0.0547485
1 0.130859 0.261963 0.0163574 0.0297852 0.0487671
0 0.129883 0.961182 0.0310059 0.0327148 0.0406799
1 0.13208 0.960693 0.0249023 0.0297852 0.0205841
1 0.134033 0.225098 0.00830078 0.0131836 0.0164642
0 0.134033 0.225098 0.00830078 0.0131836 0.014946
0 0.141357 0.971924 0.013916 0.0170898 0.0131607
2 0.137573 0.994141 0.0146484 0.0117188 0.0120316
