1 0.915039 0.878418 0.0332031 0.03125 0.665039
1 0.969971 0.864746 0.0249023 0.0332031 0.255371
2 0.969727 0.864258 0.0253906 0.03125 0.192139
2 0.848145 0.922363 0.0224609 0.0361328 0.169189
0 0.748047 0.86377 0.0361328 0.0400391 0.1521
0 0.915039 0.878418 0.0332031 0.03125 0.145264
2 0.975586 0.90332 0.0195312 0.0253906 0.104187
2 0.950684 0.862305 0.0205078 0.0253906 0.0939331
2 0.888672 0.845703 0.0185547 0.0263672 0.090332
0 0.695312 0.813965 0.0195312 0.0488281 0.0818481
1 0.695312 0.813965 0.0195312 0.0488281 0.0811768
0 0.379883 0.989258 0.0673828 0.0175781 0.0793457
1 0.848145 0.922363 0.0224609 0.0361328 0.0759277
1 0.888672 0.845703 0.0195312 0.0263672 0.0662842
0 0.745117 0.869629 0.0283203 0.0283203 0.0653076
2 0.763672 0.916504 0.0224609 0.0332031 0.0420227
1 0.969971 0.876465 0.019043 0.0185547 0.0299072
0 0.695312 0.82373 0.0195312 0.0322266 0.0292816
2 0.977783 0.906738 0.019043 0.0273438 0.0290985
2 0.969971 0.876465 0.019043 0.0185547 0.0269928
1 0.975586 0.90625 0.0195312 0.0292969 0.024292
0 0.969971 0.866211 0.0249023 0.0361328 0.022171
1 0.695312 0.82373 0.0185547 0.0322266 0.02211
0 0.741211 0.874023 0.0214844 0.0205078 0.0220795
2 0.974365 0.899414 0.0180664 0.0205078 0.0170135
2 0.871094 0.916992 0.0185547 0.0302734 0.0169373
2 0.985352 0.925781 0.0195312 0.015625 0.0147247
2 0.975586 0.895996 0.0175781 0.0195312 0.0121613
1 0.950195 0.862793 0.0205078 0.0234375 0.0113907
2 0.915527 0.87793 0.0332031 0.03125 0.0111694
