0 0.785156 0.62793 0.0234375 0.0263672 0.758301
1 0.517578 0.691406 0.0185547 0.0263672 0.744141
0 0.541992 0.992188 0.0244141 0.015625 0.673828
1 0.541992 0.992188 0.0253906 0.015625 0.239868
0 0.753418 0.870605 0.0146484 0.00976562 0.117004
2 0.110107 0.598633 0.034668 0.0263672 0.0836792
0 0.726074 0.869141 0.0146484 0.0117188 0.0686646
0 0.139282 0.598633 0.0256348 0.0146484 0.059845
1 0.13916 0.599121 0.0258789 0.0146484 0.0585022
2 0.503906 0.523926 0.015625 0.0185547 0.0417786
2 0.518066 0.690918 0.0185547 0.0263672 0.0394592
0 0.518066 0.691895 0.0195312 0.0253906 0.0252686
1 0.110229 0.599121 0.0351562 0.0263672 0.0250702
2 0.541992 0.992188 0.0244141 0.015625 0.0156708
0 0.738281 0.868164 0.0410156 0.0146484 0.0142822
0 0.110229 0.599121 0.0351562 0.0263672 0.0118561
1 0.784668 0.62793 0.0224609 0.0253906 0.0118256
1 0.434326 0.373291 0.00927734 0.0488281 0.0112534
