2 0.661621 0.941406 0.0380859 0.0410156 0.901367
2 0.0686646 0.96167 0.0385742 0.0415039 0.893066
2 0.329102 0.972656 0.0297852 0.0371094 0.861816
1 0.380371 0.271484 0.0327148 0.0273438 0.856445
2 0.11499 0.836914 0.0168457 0.0292969 0.835938
2 0.121216 0.280273 0.0212402 0.0205078 0.780273
2 0.269287 0.244141 0.0283203 0.0175781 0.721191
1 0.408936 0.282227 0.0327148 0.0351562 0.641602
2 0.15686 0.25293 0.0178223 0.019043 0.623047
2 0.187012 0.28418 0.0275879 0.0229492 0.549316
2 0.353271 0.961914 0.0292969 0.03125 0.492188
1 0.186646 0.284668 0.0283203 0.0234375 0.373535
2 0.402832 0.950684 0.0322266 0.0341797 0.352051
2 0.214661 0.207764 0.0228271 0.0217285 0.335449
2 0.408936 0.282471 0.0332031 0.0351562 0.298096
1 0.214539 0.207764 0.022583 0.0217285 0.228516
2 0.182495 0.283447 0.0195312 0.0209961 0.154907
2 0.790039 0.565918 0.0234375 0.0117188 0.14917
1 0.269043 0.244141 0.0283203 0.0180664 0.0473938
1 0.661621 0.941895 0.0380859 0.0410156 0.0380554
1 0.182495 0.283203 0.019043 0.0205078 0.0341797
2 0.952148 0.215271 0.0224609 0.0377197 0.0341797
2 0.268799 0.239502 0.0283203 0.0239258 0.0313416
1 0.789551 0.565918 0.0244141 0.0126953 0.0265808
2 0.117676 0.232422 0.0168457 0.0126953 0.0246429
2 0.70166 0.991211 0.0166016 0.015625 0.0241852
1 0.114868 0.836914 0.0161133 0.0292969 0.0240479
2 0.153931 0.280273 0.0175781 0.0219727 0.0212708
2 0.875 0.216736 0.0126953 0.0108643 0.0206299
1 0.0684814 0.961914 0.0380859 0.0410156 0.0188904
1 0.328857 0.972656 0.0297852 0.0371094 0.0172272
2 0.180176 0.281982 0.0153809 0.0175781 0.0170746
2 0.610352 0.849121 0.0117188 0.0126953 0.0145035
0 0.819824 0.509766 0.0078125 0.0175781 0.0130005
2 0.380371 0.271729 0.0322266 0.0268555 0.0127716
0 0.564453 0.861328 0.0136719 0.0253906 0.0115433
1 0.701172 0.991211 0.0175781 0.015625 0.0103683
