0 0.308105 0.497681 0.0551758 0.079834 0.892578
1 0.522461 0.500122 0.0537109 0.0876465 0.886719
0 0.793945 0.0801392 0.0322266 0.0256348 0.850586
0 0.762695 0.0847473 0.0273438 0.0182495 0.82959
0 0.324951 0.835938 0.0507812 0.0507812 0.802734
0 0.124634 0.248779 0.0212402 0.0229492 0.703613
0 0.0246582 0.426514 0.0493164 0.0654297 0.645508
0 0.0309448 0.602051 0.0299072 0.0419922 0.430176
0 0.00723267 0.458496 0.0144653 0.0292969 0.425293
1 0.324951 0.835938 0.0512695 0.0517578 0.421143
0 0.0238342 0.439453 0.0476685 0.0654297 0.369629
0 0.0549316 0.626953 0.0239258 0.0371094 0.319092
0 0.06073 0.495117 0.0187988 0.0224609 0.309082
1 0.131836 0.425293 0.0200195 0.0224609 0.202881
0 0.132324 0.421631 0.0180664 0.0166016 0.199829
0 0.806152 0.562988 0.0410156 0.0400391 0.173828
1 0.132324 0.421631 0.0180664 0.0166016 0.140503
0 0.0325317 0.589355 0.0296631 0.0634766 0.120605
1 0.0549316 0.626953 0.0239258 0.0361328 0.111511
1 0.307617 0.497559 0.0537109 0.0791016 0.108887
0 0.0523682 0.617188 0.020874 0.0371094 0.108643
2 0.183105 0.352783 0.0283203 0.0322266 0.105774
0 0.0301208 0.609375 0.0281372 0.0283203 0.0961304
1 0.06073 0.495117 0.0189209 0.0224609 0.0882568
0 0.0440674 0.547852 0.0144043 0.0371094 0.078064
1 0.0303802 0.606445 0.0290833 0.0341797 0.0750732
2 0.914062 0.991211 0.0224609 0.015625 0.074646
0 0.77832 0.0863647 0.0146484 0.0134277 0.072876
0 0.131836 0.425293 0.0200195 0.0224609 0.0710449
0 0.62793 0.0629883 0.0371094 0.052002 0.0678101
1 0.793945 0.0799561 0.0332031 0.0256348 0.0622559
1 0.763184 0.0845947 0.0283203 0.0179443 0.0553589
0 0.522461 0.499878 0.0537109 0.0881348 0.0497437
0 0.0579224 0.508789 0.0229492 0.046875 0.0354614
0 0.742188 0.0985413 0.0244141 0.0202026 0.0309143
0 0.29126 0.926758 0.0166016 0.0107422 0.0268402
2 0.131348 0.427734 0.0209961 0.0283203 0.0265656
0 0.0424805 0.558594 0.0134277 0.0478516 0.0202332
0 0.0132751 0.443481 0.0265503 0.0544434 0.017746
0 0.0176697 0.435059 0.0343628 0.0458984 0.0169525
1 0.806152 0.563477 0.0419922 0.0390625 0.0162811
1 0.00721741 0.459351 0.0144348 0.0285645 0.0162659
0 0.00871277 0.45166 0.0174255 0.0449219 0.0162354
1 0.124634 0.248779 0.0212402 0.0229492 0.0146561
1 0.935059 0.990234 0.0175781 0.015625 0.0138931
0 0.0375824 0.581055 0.0205383 0.046875 0.0137177
2 0.24585 0.346436 0.0224609 0.0131836 0.0134506
1 0.29126 0.926758 0.0166016 0.0107422 0.0130997
0 0.0411377 0.572266 0.0150146 0.0371094 0.0127869
2 0.657715 0.190552 0.0175781 0.0195312 0.012146
0 0.299561 0.485474 0.0341797 0.0534668 0.011673
0 0.0458984 0.61377 0.0249023 0.03125 0.010437
