0 0.488281 0.819336 0.0439453 0.0449219 0.945801
0 0.539062 0.74707 0.0419922 0.0380859 0.919922
0 0.986328 0.896484 0.0273438 0.0410156 0.897949
0 0.225525 0.794922 0.0352783 0.0419922 0.886719
2 0.425537 0.869629 0.0307617 0.0322266 0.885254
0 0.986816 0.303467 0.0263672 0.0336914 0.882324
0 0.641113 0.768066 0.0332031 0.0380859 0.871094
0 0.447021 0.816895 0.0424805 0.0537109 0.828125
0 0.00822449 0.0178986 0.016449 0.0350037 0.803711
0 0.0178833 0.0924988 0.0357666 0.0332642 0.786133
1 0.16333 0.899902 0.0236816 0.0410156 0.759766
2 0.461182 0.655762 0.0200195 0.0302734 0.750488
0 0.612793 0.782715 0.03125 0.0351562 0.72998
0 0.679688 0.200684 0.0341797 0.0319824 0.638184
0 0.187622 0.728516 0.017334 0.03125 0.610352
0 0.968506 0.887695 0.012207 0.0332031 0.59668
0 0.0124664 0.574707 0.0249329 0.0292969 0.518066
1 0.679688 0.200928 0.0341797 0.0322266 0.507812
1 0.612305 0.782715 0.0302734 0.0351562 0.418701
0 0.133667 0.0136108 0.0144043 0.0263672 0.417725
0 0.69043 0.250732 0.0322266 0.0341797 0.349121
0 0.162964 0.900391 0.0239258 0.0410156 0.325195
0 0.133423 0.0078125 0.0131836 0.0149536 0.265869
1 0.69043 0.250732 0.0332031 0.034668 0.23877
0 0.43335 0.804688 0.0249023 0.0341797 0.230347
2 0.384766 0.901367 0.0141602 0.0234375 0.159668
0 0.0271912 0.0986328 0.0167847 0.020752 0.0945435
0 0.66748 0.183838 0.0166016 0.0170898 0.0919189
0 0.665039 0.181152 0.0214844 0.0227051 0.0889282
1 0.538086 0.74707 0.0410156 0.0390625 0.0653687
1 0.225281 0.794922 0.0357666 0.0419922 0.0570068
0 0.185547 0.738281 0.0119629 0.0136719 0.0545959
1 0.986816 0.303223 0.0263672 0.0341797 0.0472107
1 0.986328 0.896484 0.0273438 0.0410156 0.0422668
1 0.0177612 0.0923462 0.0355225 0.0325928 0.0290375
1 0.00344849 0.664551 0.00689697 0.0341797 0.0289307
0 0.662109 0.174805 0.0292969 0.0327148 0.0285797
0 0.706055 0.244385 0.0136719 0.0224609 0.0274353
1 0.690918 0.243164 0.0302734 0.0195312 0.0237274
1 0.460815 0.655762 0.0197754 0.03125 0.023056
1 0.967285 0.287109 0.0126953 0.019043 0.0228882
0 0.690918 0.243164 0.0302734 0.0195312 0.022049
0 0.617676 0.780273 0.0234375 0.0322266 0.0216217
1 0.667969 0.184937 0.0175781 0.017334 0.0199585
0 0.439453 0.807129 0.0341797 0.0400391 0.0197754
0 0.698242 0.244385 0.0253906 0.0239258 0.0191803
0 0.622559 0.777344 0.0185547 0.0283203 0.017746
2 0.375732 0.929199 0.0161133 0.0146484 0.0164795
1 0.641602 0.767578 0.0341797 0.0390625 0.0146561
1 0.706055 0.244385 0.0136719 0.0224609 0.0138626
0 0.680664 0.260986 0.0117188 0.0136719 0.0134659
1 0.967773 0.887695 0.0117188 0.0351562 0.0134583
0 0.45459 0.824707 0.0249023 0.0351562 0.0133209
1 0.00840759 0.0173035 0.0168152 0.0346069 0.0127029
1 0.433105 0.804688 0.0249023 0.0341797 0.0122528
0 0.00860596 0.00938416 0.0166626 0.0187683 0.0121918
0 0.0135498 0.612305 0.0202637 0.0361328 0.012146
1 0.697754 0.244385 0.0263672 0.0244141 0.0115204
0 0.967285 0.287109 0.0126953 0.019043 0.0112686
0 0.0145264 0.598633 0.0290527 0.0673828 0.010643
1 0.487793 0.819336 0.0458984 0.0449219 0.0100937
0 0.447754 0.829102 0.0366211 0.0253906 0.0100708
