2 0.937012 0.137695 0.0283203 0.0241699 0.828613
2 0.654785 0.0767822 0.0253906 0.0292969 0.821777
2 0.969971 0.153809 0.0288086 0.0297852 0.807129
2 0.994141 0.155396 0.0117188 0.0290527 0.752441
2 0.647949 0.0394745 0.0244141 0.0257874 0.648438
1 0.883789 0.432617 0.015625 0.0180664 0.0744019
2 0.95166 0.121948 0.0146484 0.0153809 0.037323
2 0.836914 0.154785 0.0400391 0.0412598 0.0158691
2 0.329834 0.114502 0.0478516 0.0354004 0.0153046
0 0.883789 0.432617 0.015625 0.0180664 0.0144043
1 0.937012 0.137573 0.0292969 0.0246582 0.0134354
2 0.883789 0.432617 0.015625 0.0180664 0.0130234
2 0.629883 0.00419617 0.0214844 0.00839233 0.0130005
2 0.14563 0.314697 0.0126953 0.0283203 0.0121307
2 0.955566 0.14978 0.015625 0.0268555 0.0105438
1 0.969482 0.153809 0.027832 0.0290527 0.01017
