1 0.80957 0.316406 0.0302734 0.0317383 0.815918
1 0.933105 0.146118 0.0283203 0.0170898 0.774902
2 0.283203 0.378174 0.0244141 0.0219727 0.615234
0 0.288818 0.362549 0.0219727 0.0195312 0.57666
1 0.28418 0.37793 0.0249023 0.0219727 0.323975
1 0.289062 0.362549 0.0224609 0.0185547 0.317383
0 0.708008 0.134033 0.0146484 0.0185547 0.281006
2 0.719238 0.0258026 0.0195312 0.0173645 0.273926
2 0.866699 0.443115 0.0107422 0.0214844 0.174561
2 0.932617 0.145874 0.0273438 0.0168457 0.165283
0 0.80957 0.316895 0.0302734 0.0317383 0.124146
1 0.719727 0.0256805 0.0185547 0.0174866 0.0895996
0 0.28418 0.37793 0.0244141 0.0224609 0.0343933
0 0.71582 0.125854 0.0273438 0.0300293 0.0167847
2 0.669922 0.246338 0.0146484 0.0117188 0.0167084
2 0.972656 0.143921 0.0234375 0.0124512 0.0142746
