0 0.845215 0.334717 0.0361328 0.0483398 0.876465
0 0.724609 0.299805 0.0214844 0.0390625 0.748047
1 0.891602 0.276855 0.0390625 0.0263672 0.340332
0 0.891602 0.276855 0.0380859 0.0263672 0.334229
0 0.902344 0.279053 0.0175781 0.0224609 0.254883
0 0.726562 0.302734 0.0273438 0.0473633 0.245728
0 0.053894 0.912109 0.0229492 0.0146484 0.232788
0 0.904297 0.275879 0.0166016 0.0234375 0.0686646
1 0.902344 0.279053 0.0175781 0.0229492 0.0602722
1 0.053833 0.912109 0.0236816 0.0146484 0.0307922
2 0.865723 0.0162354 0.0244141 0.0275879 0.0300446
0 0.90625 0.271484 0.0146484 0.015625 0.0251465
0 0.0390015 0.547363 0.0133057 0.015625 0.0213318
1 0.845215 0.334717 0.0371094 0.0488281 0.0193481
0 0.731934 0.30542 0.0361328 0.0478516 0.0176849
1 0.723633 0.298828 0.0214844 0.0375977 0.0161133
1 0.882812 0.277588 0.0244141 0.0234375 0.0159607
0 0.0498047 0.908691 0.0317383 0.0214844 0.0110321
