1 0.59668 0.975342 0.0498047 0.0473633 0.894043
1 0.54248 0.964844 0.0517578 0.0566406 0.86377
1 0.849609 0.727539 0.0390625 0.0419922 0.50293
2 0.849609 0.727539 0.0380859 0.0419922 0.499756
0 0.985352 0.988281 0.0292969 0.0234375 0.413574
1 0.985352 0.988281 0.0292969 0.0234375 0.387207
2 0.59668 0.975586 0.0478516 0.046875 0.161743
1 0.589355 0.956787 0.0419922 0.0395508 0.149414
0 0.541992 0.9646 0.0517578 0.0571289 0.122498
0 0.817383 0.661133 0.0253906 0.0283203 0.0869141
0 0.904785 0.648926 0.0214844 0.0205078 0.074707
2 0.566406 0.981445 0.0185547 0.03125 0.0178986
1 0.589355 0.966309 0.0449219 0.0419922 0.0139999
0 0.849609 0.727539 0.0390625 0.0429688 0.0124664
