0 0.600586 0.463135 0.0673828 0.0649414 0.930664
0 0.842773 0.894531 0.0439453 0.0458984 0.856445
0 0.10376 0.29126 0.0371094 0.0419922 0.768555
0 0.79541 0.84668 0.0458984 0.0537109 0.763672
0 0.736816 0.426025 0.0429688 0.0546875 0.76123
0 0.0339813 0.210876 0.0409241 0.0484619 0.731934
0 0.552734 0.411621 0.0488281 0.0576172 0.708008
0 0.0339508 0.249756 0.023407 0.0322266 0.628906
0 0.0811157 0.268066 0.0197754 0.0273438 0.592773
0 0.0307617 0.0141602 0.0411377 0.022522 0.508789
0 0.0535278 0.225891 0.0205078 0.0281982 0.460449
0 0.563477 0.419922 0.0302734 0.0458984 0.306641
1 0.0309143 0.0140991 0.0403442 0.0230713 0.279785
1 0.552734 0.411865 0.0478516 0.0581055 0.216064
1 0.0811768 0.268066 0.0197754 0.0268555 0.215576
0 0.0320435 0.218567 0.0322266 0.0360107 0.155884
1 0.103882 0.291016 0.0371094 0.0429688 0.124084
2 0.868164 0.0921936 0.0273438 0.0299683 0.104004
0 0.0518799 0.217346 0.0200195 0.0413818 0.0952759
0 0.0276489 0.232727 0.0273438 0.0428467 0.0779419
1 0.736816 0.425537 0.0429688 0.0546875 0.0537415
0 0.00457764 0.00814819 0.00915527 0.0162964 0.0531006
1 0.79541 0.84668 0.0449219 0.0537109 0.0507202
1 0.842773 0.894531 0.0449219 0.046875 0.0458069
0 0.0310974 0.229919 0.0305786 0.0616455 0.0314331
1 0.563477 0.419678 0.0302734 0.0454102 0.0246124
1 0.0349121 0.210815 0.0410156 0.0476074 0.023819
0 0.0426025 0.0187378 0.0170898 0.0153809 0.0221558
1 0.600098 0.463135 0.0673828 0.0649414 0.0198669
1 0.0339966 0.250244 0.0230713 0.0317383 0.0158234
0 0.0415192 0.221497 0.0297546 0.0330811 0.0151901
1 0.00476074 0.00822449 0.00952148 0.016449 0.014534
0 0.541016 0.389893 0.0253906 0.0126953 0.0127258
2 0.0243683 0.0511475 0.0450134 0.052124 0.011673
0 0.0251617 0.0435181 0.0458679 0.0721436 0.0109024
0 0.559082 0.416016 0.0371094 0.0566406 0.0105133
