1 0.759766 0.130249 0.0253906 0.0300293 0.800293
1 0.655762 0.183472 0.0214844 0.029541 0.765137
2 0.529785 0.359131 0.0253906 0.0219727 0.507324
1 0.362549 0.38623 0.0170898 0.0253906 0.305908
1 0.739258 0.0926208 0.00878906 0.0139771 0.0995483
1 0.529785 0.359131 0.0253906 0.0214844 0.0715332
0 0.60791 0.157959 0.0195312 0.0209961 0.0591736
2 0.759766 0.129883 0.0253906 0.0305176 0.051239
2 0.655762 0.183472 0.0214844 0.029541 0.0374451
2 0.54248 0.421387 0.0205078 0.03125 0.0280151
0 0.739258 0.0926208 0.00878906 0.0139771 0.0252533
2 0.362061 0.386475 0.0180664 0.0258789 0.0196075
1 0.51123 0.362061 0.0175781 0.0322266 0.0193634
1 0.54248 0.421387 0.0214844 0.03125 0.0158844
2 0.844727 0.762207 0.0185547 0.0126953 0.012825
