1 0.972656 0.667969 0.0371094 0.0410156 0.873047
0 0.761719 0.908203 0.0273438 0.0419922 0.702148
0 0.984375 0.846191 0.03125 0.0341797 0.56543
0 0.242432 0.722656 0.0214844 0.0253906 0.500488
2 0.916016 0.857422 0.0185547 0.0292969 0.262695
0 0.364014 0.868164 0.0161133 0.0166016 0.209106
1 0.984375 0.846191 0.0292969 0.0351562 0.171997
0 0.26709 0.743164 0.0258789 0.0214844 0.15564
0 0.759766 0.882324 0.0185547 0.0322266 0.144165
1 0.762207 0.908691 0.0273438 0.0419922 0.125
2 0.861816 0.883789 0.0146484 0.0195312 0.111877
2 0.862793 0.893555 0.0146484 0.0136719 0.0883789
0 0.379883 0.408203 0.0175781 0.0141602 0.0669556
0 0.528809 0.714355 0.0224609 0.0205078 0.0592346
0 0.167236 0.73291 0.019043 0.0205078 0.046051
0 0.174561 0.743652 0.013916 0.015625 0.0430908
0 0.427002 0.577148 0.0244141 0.0224609 0.0415039
2 0.435059 0.635254 0.015625 0.0175781 0.030899
2 0.972656 0.667969 0.0371094 0.0410156 0.0261383
1 0.993652 0.807617 0.0126953 0.0341797 0.0240784
0 0.281982 0.745605 0.0126953 0.0166016 0.0236053
0 0.265869 0.739746 0.0297852 0.0302734 0.0235596
2 0.930664 0.845703 0.015625 0.0166016 0.0220184
1 0.364014 0.868164 0.0161133 0.0166016 0.0201111
1 0.166748 0.732422 0.0175781 0.0185547 0.0196991
2 0.853516 0.845215 0.0117188 0.0175781 0.018631
1 0.994141 0.801758 0.0117188 0.0214844 0.0183411
2 0.166748 0.732422 0.0170898 0.0185547 0.0173187
2 0.894531 0.851562 0.0166016 0.0234375 0.0164642
0 0.249268 0.733398 0.0361328 0.0390625 0.0162811
0 0.972656 0.667969 0.0371094 0.0410156 0.0156708
2 0.17395 0.743652 0.0168457 0.0175781 0.0145569
2 0.874023 0.888184 0.0166016 0.0166016 0.01371
1 0.355469 0.994141 0.019043 0.00976562 0.0128174
0 0.757812 0.897461 0.0185547 0.0283203 0.0115967
1 0.758789 0.879883 0.015625 0.0253906 0.0115738
1 0.174561 0.743652 0.0144043 0.015625 0.0107803
2 0.82373 0.868164 0.0263672 0.0253906 0.0107727
2 0.283203 0.747559 0.0151367 0.0175781 0.0105667
