2 0.37915 0.624512 0.0219727 0.0244141 0.875488
1 0.193726 0.393066 0.0227051 0.0307617 0.86377
2 0.0110474 0.48291 0.0195312 0.0214844 0.853516
2 0.448486 0.88623 0.0351562 0.0361328 0.848145
2 0.672363 0.384766 0.0244141 0.0258789 0.84668
2 0.699707 0.417969 0.0234375 0.0219727 0.842285
2 0.806641 0.282227 0.0234375 0.0249023 0.822754
2 0.885254 0.269775 0.0175781 0.0263672 0.772949
1 0.522461 0.880371 0.0322266 0.0332031 0.73877
2 0.541016 0.520508 0.0195312 0.0244141 0.709473
2 0.489258 0.483398 0.0234375 0.0234375 0.693848
2 0.706055 0.400146 0.0166016 0.0224609 0.692383
2 0.127563 0.318848 0.0158691 0.0263672 0.686523
1 0.198486 0.376465 0.0224609 0.0273438 0.646484
2 0.00588989 0.271484 0.0117798 0.0224609 0.598633
1 0.451172 0.938965 0.0332031 0.0263672 0.597656
1 0.048645 0.207275 0.0316162 0.0234375 0.480957
1 0.127563 0.318848 0.0158691 0.0258789 0.476562
2 0.451172 0.938965 0.0332031 0.0263672 0.44873
1 0.50293 0.879883 0.0224609 0.03125 0.414062
1 0.790039 0.287109 0.0126953 0.019043 0.408936
2 0.553711 0.53418 0.0214844 0.0263672 0.376465
2 0.692871 0.357178 0.0185547 0.0166016 0.376221
1 0.486328 0.902344 0.0302734 0.0214844 0.366943
2 0.30249 0.458008 0.0141602 0.0136719 0.345459
2 0.507812 0.477051 0.0166016 0.015625 0.310791
2 0.522461 0.880371 0.0332031 0.0332031 0.308838
2 0.0484619 0.207153 0.0317383 0.0236816 0.256104
1 0.198853 0.368408 0.0214844 0.0131836 0.235229
1 0.448486 0.88623 0.0356445 0.0361328 0.232788
2 0.486328 0.902344 0.0292969 0.0214844 0.226318
2 0.0980225 0.650391 0.0219727 0.0185547 0.217163
1 0.199829 0.383789 0.0180664 0.0258789 0.189453
1 0.806641 0.282471 0.0234375 0.0249023 0.177246
2 0.198853 0.368408 0.0212402 0.0131836 0.139648
2 0.645996 0.378174 0.0166016 0.019043 0.129028
2 0.424072 0.883301 0.012207 0.0205078 0.126831
2 0.127441 0.446289 0.0229492 0.0253906 0.114807
2 0.176636 0.616211 0.0178223 0.0214844 0.114685
2 0.0340576 0.466431 0.0194092 0.0153809 0.109436
2 0.198486 0.372314 0.0224609 0.0209961 0.101929
1 0.647461 0.383301 0.0224609 0.027832 0.0969238
0 0.789062 0.287354 0.0126953 0.019043 0.0826416
2 0.647461 0.383545 0.0214844 0.027832 0.0730591
2 0.193726 0.393555 0.0224609 0.0307617 0.0665283
2 0.200439 0.37793 0.0197754 0.027832 0.0606384
1 0.181396 0.375732 0.0144043 0.0166016 0.0585327
2 0.618164 0.388916 0.0146484 0.0166016 0.0500183
1 0.505371 0.89502 0.0195312 0.0166016 0.0476074
1 0.527832 0.460938 0.0195312 0.0126953 0.046051
2 0.0778198 0.762207 0.0124512 0.0136719 0.0449219
2 0.620117 0.388916 0.0195312 0.0205078 0.0411377
1 0.201294 0.384521 0.0166016 0.0180664 0.0380859
2 0.598633 0.391602 0.0166016 0.019043 0.0360413
2 0.883301 0.244141 0.0166016 0.015625 0.0360107
2 0.547363 0.529785 0.0224609 0.0283203 0.0331116
1 0.500977 0.873535 0.0224609 0.0195312 0.0330811
2 0.0601196 0.210083 0.0109863 0.0187988 0.0322876
2 0.14978 0.355713 0.0219727 0.0224609 0.0313416
1 0.507812 0.477051 0.0175781 0.015625 0.0295563
2 0.504395 0.881348 0.0205078 0.0351562 0.029129
2 0.790039 0.287109 0.0126953 0.0195312 0.0266876
1 0.475098 0.90332 0.0107422 0.0205078 0.0253754
1 0.006073 0.27124 0.012146 0.0224609 0.024292
2 0.308105 0.426025 0.00830078 0.0146484 0.0226135
2 0.181396 0.374756 0.0146484 0.0161133 0.0223389
2 0.201294 0.384521 0.0166016 0.0180664 0.0215302
2 0.19873 0.399414 0.0161133 0.0175781 0.0205231
2 0.863281 0.252686 0.0185547 0.0175781 0.0183105
2 0.506836 0.88623 0.0175781 0.0273438 0.0177612
2 0.508301 0.894531 0.0205078 0.0185547 0.0170135
1 0.0979919 0.649902 0.0220337 0.0185547 0.0157013
2 0.839844 0.367432 0.0166016 0.019043 0.0155334
2 0.429932 0.880371 0.0253906 0.0283203 0.0153961
2 0.615723 0.389893 0.0136719 0.0170898 0.0152512
2 0.475098 0.90332 0.0107422 0.0205078 0.0147858
1 0.198608 0.39917 0.0161133 0.0180664 0.0137634
2 0.0579834 0.208984 0.0146484 0.0205078 0.0130997
2 0.441895 0.883301 0.0292969 0.0322266 0.0130768
0 0.484375 0.552246 0.0273438 0.00878906 0.0122528
2 0.881836 0.246826 0.0185547 0.0195312 0.0120392
1 0.506836 0.88623 0.0175781 0.0273438 0.0118103
1 0.0601196 0.210083 0.0109863 0.0187988 0.0114136
1 0.69873 0.417969 0.0224609 0.0219727 0.0108337
1 0.485352 0.553223 0.0283203 0.00976562 0.0106659
1 0.127441 0.446289 0.0229492 0.0253906 0.01017
