1 0.853027 0.520996 0.0351562 0.0439453 0.871094
1 0.609863 0.388184 0.0410156 0.0546875 0.797363
0 0.73291 0.0938721 0.0361328 0.0319824 0.73877
1 0.538574 0.397705 0.0410156 0.0625 0.55127
1 0.875977 0.186523 0.0322266 0.0202637 0.527344
1 0.51709 0.402344 0.0166016 0.0366211 0.333252
1 0.733398 0.0943604 0.0361328 0.0317383 0.2052
1 0.57373 0.370117 0.0332031 0.0175781 0.157471
2 0.51709 0.401855 0.015625 0.0395508 0.134521
2 0.786621 0.110596 0.0205078 0.020752 0.110535
0 0.610352 0.388184 0.0400391 0.0546875 0.100464
0 0.57373 0.370117 0.0332031 0.0175781 0.0731812
0 0.875977 0.186523 0.03125 0.0205078 0.0608215
1 0.569336 0.372314 0.0390625 0.0234375 0.0549316
1 0.634277 0.440918 0.0175781 0.0473633 0.0527344
2 0.853027 0.520996 0.0351562 0.0429688 0.0327148
1 0.526367 0.376221 0.0273438 0.0317383 0.0269928
1 0.532227 0.389404 0.0390625 0.0634766 0.0241394
2 0.875488 0.186401 0.0322266 0.0205078 0.0225677
1 0.515625 0.407715 0.0136719 0.0283203 0.0194244
2 0.539062 0.401611 0.0380859 0.0527344 0.0185089
0 0.537109 0.395508 0.0449219 0.0688477 0.0111465
