1 0.810059 0.0602417 0.0478516 0.055542 0.903809
2 0.634766 0.279541 0.0429688 0.0488281 0.883789
2 0.117035 0.762695 0.0471802 0.0429688 0.880859
2 0.537598 0.299316 0.0488281 0.0537109 0.870605
2 0.432373 0.507324 0.0380859 0.0429688 0.851562
2 0.215088 0.693848 0.0415039 0.0458984 0.833008
2 0.523438 0.466553 0.0439453 0.0463867 0.831055
2 0.799316 0.257324 0.0419922 0.0351562 0.831055
2 0.976562 0.968262 0.046875 0.0537109 0.830078
2 0.691895 0.303223 0.0361328 0.0375977 0.795898
2 0.656738 0.0435181 0.0458984 0.0444336 0.768555
2 0.477051 0.777832 0.0410156 0.0439453 0.768066
2 0.666992 0.0985107 0.0419922 0.0344238 0.76709
1 0.830566 0.503418 0.0341797 0.0234375 0.642578
2 0.662598 0.242676 0.0400391 0.0390625 0.618652
2 0.219421 0.755859 0.0289307 0.0361328 0.604492
2 0.701172 0.280273 0.0283203 0.0410156 0.601074
2 0.852539 0.0813599 0.0253906 0.0406494 0.592285
2 0.66748 0.267578 0.0292969 0.0517578 0.591309
2 0.698242 0.291016 0.0322266 0.0439453 0.559082
1 0.963135 0.932129 0.0249023 0.0419922 0.47876
2 0.835938 0.0788879 0.0205078 0.0404663 0.446777
2 0.931152 0.0991211 0.0429688 0.0458984 0.433105
2 0.851074 0.48877 0.0273438 0.0302734 0.426514
2 0.888672 0.0975342 0.0429688 0.0327148 0.41626
2 0.892578 0.114624 0.0458984 0.0625 0.290527
0 0.760742 0.589844 0.0224609 0.0273438 0.254639
2 0.832031 0.50293 0.0332031 0.0234375 0.240356
1 0.977051 0.968506 0.0458984 0.0532227 0.226807
2 0.524414 0.229004 0.0146484 0.0351562 0.193726
2 0.758789 0.269775 0.0126953 0.0214844 0.192017
1 0.656738 0.0436859 0.0458984 0.04422 0.191528
2 0.893066 0.129395 0.0400391 0.0378418 0.173218
1 0.662598 0.241943 0.0410156 0.0390625 0.139282
1 0.477539 0.777832 0.0410156 0.0439453 0.138428
2 0.962891 0.933105 0.0253906 0.0419922 0.107971
2 0.432617 0.44043 0.0400391 0.0317383 0.105225
2 0.84668 0.0791016 0.0341797 0.0463867 0.103394
1 0.799316 0.25708 0.0429688 0.0341797 0.102539
2 0.439209 0.443359 0.0253906 0.0249023 0.10144
1 0.852051 0.0809937 0.0253906 0.0406494 0.0897217
2 0.4375 0.443848 0.0332031 0.0292969 0.0790405
2 0.455688 0.584473 0.0378418 0.0546875 0.0775146
2 0.889648 0.134399 0.0351562 0.0283203 0.0641479
1 0.84668 0.0791016 0.0341797 0.0463867 0.057312
2 0.609375 0.759766 0.0302734 0.0292969 0.0551453
1 0.834961 0.0778503 0.0195312 0.0403442 0.0532227
2 0.726074 0.581055 0.0224609 0.0302734 0.0507812
1 0.432129 0.506836 0.0390625 0.0439453 0.046814
1 0.760254 0.589844 0.0224609 0.0273438 0.0467529
1 0.89209 0.115234 0.0439453 0.0661621 0.0448303
1 0.537598 0.299316 0.0488281 0.0551758 0.0410156
0 0.810059 0.0604248 0.0478516 0.0552979 0.0389709
2 0.481445 0.732422 0.0146484 0.0166016 0.0360107
2 0.417725 0.438721 0.0200195 0.0336914 0.0328979
1 0.888184 0.097168 0.0419922 0.0319824 0.0279541
2 0.520996 0.227478 0.0214844 0.0406494 0.0234375
1 0.666992 0.0992432 0.0419922 0.034668 0.0207977
1 0.610352 0.626465 0.0136719 0.0136719 0.0196686
2 0.652832 0.267334 0.0644531 0.0532227 0.0182648
1 0.116089 0.762695 0.046875 0.0429688 0.0167999
1 0.931641 0.0990906 0.0439453 0.0464478 0.0158234
1 0.634766 0.279541 0.0439453 0.0493164 0.0153885
2 0.938477 0.112305 0.0322266 0.0209961 0.0144501
0 0.830566 0.503418 0.0341797 0.0234375 0.0143204
0 0.963135 0.932129 0.0249023 0.0419922 0.0141068
1 0.522461 0.466675 0.0439453 0.0461426 0.0140839
2 0.805176 0.477539 0.0273438 0.0273438 0.0134048
2 0.839844 0.0789795 0.0292969 0.045166 0.0132523
1 0.799316 0.5 0.0185547 0.0175781 0.0131226
2 0.800293 0.116455 0.0351562 0.0161133 0.0125351
