0 0.771484 0.936035 0.0517578 0.0517578 0.928711
0 0.706543 0.925781 0.0556641 0.0488281 0.899414
0 0.73877 0.733398 0.0263672 0.0351562 0.868164
0 0.418701 0.991211 0.0546875 0.0175781 0.812012
0 0.523926 0.994141 0.0351562 0.0117188 0.788574
0 0.714844 0.947998 0.0449219 0.043457 0.755371
0 0.674316 0.772461 0.0371094 0.0234375 0.728516
0 0.515137 0.971436 0.0390625 0.0258789 0.665039
0 0.604492 0.962891 0.0380859 0.0234375 0.657715
0 0.745117 0.916016 0.0400391 0.0380859 0.413086
2 0.751465 0.67041 0.0185547 0.0146484 0.340332
0 0.736328 0.916016 0.0244141 0.0351562 0.337646
0 0.518555 0.967773 0.0361328 0.015625 0.306152
2 0.753906 0.671875 0.0244141 0.0166016 0.234375
2 0.77832 0.67334 0.0146484 0.0126953 0.206055
2 0.764648 0.675781 0.0146484 0.0136719 0.180786
0 0.523438 0.965576 0.0253906 0.012207 0.138062
0 0.502441 0.976562 0.0146484 0.0136719 0.133911
2 0.800293 0.726562 0.0136719 0.0185547 0.132324
0 0.506348 0.97168 0.0214844 0.0234375 0.13147
1 0.604492 0.963379 0.0390625 0.0224609 0.127441
1 0.706055 0.925781 0.0556641 0.0478516 0.0533447
1 0.57959 0.0341339 0.0185547 0.0115662 0.0515137
1 0.523926 0.994141 0.0351562 0.0117188 0.0444031
0 0.794434 0.765137 0.0214844 0.0341797 0.0424805
2 0.169189 0.992188 0.0275879 0.015625 0.0424194
2 0.761719 0.67627 0.0175781 0.0146484 0.0319519
2 0.281982 0.64502 0.0288086 0.0361328 0.0292053
0 0.436523 0.995605 0.0185547 0.00878906 0.0274506
2 0.779297 0.435547 0.0341797 0.0166016 0.0273895
2 0.683105 0.904785 0.00878906 0.0205078 0.0261688
0 0.518066 0.995117 0.0283203 0.00976562 0.0256958
1 0.715332 0.950684 0.0439453 0.0351562 0.0161591
0 0.73291 0.744141 0.0136719 0.0146484 0.0149155
2 0.606445 0.0401001 0.0185547 0.0183105 0.0131073
2 0.57959 0.0341797 0.0195312 0.0113525 0.0129852
1 0.674316 0.772949 0.0371094 0.0224609 0.0127792
1 0.771484 0.936035 0.0527344 0.0507812 0.0127182
1 0.515137 0.970703 0.0390625 0.0253906 0.0123596
2 0.75293 0.680664 0.0185547 0.0126953 0.0117798
