2 0.377441 0.918457 0.0268555 0.0292969 0.401123
2 0.664062 0.925293 0.0166016 0.0195312 0.218872
2 0.192017 0.95166 0.0344238 0.0263672 0.196777
2 0.671875 0.94043 0.0185547 0.0175781 0.140137
1 0.552246 0.879395 0.0253906 0.0234375 0.130737
2 0.395264 0.337158 0.015625 0.0302734 0.115906
1 0.558105 0.881348 0.015625 0.0175781 0.0828857
2 0.67334 0.92627 0.0146484 0.0175781 0.0596924
2 0.672363 0.933105 0.0166016 0.0195312 0.0386658
0 0.215149 0.00857544 0.0106201 0.0171509 0.0286865
0 0.558105 0.881348 0.0146484 0.0175781 0.0270691
2 0.668945 0.928223 0.0205078 0.0185547 0.0185547
2 0.544434 0.885742 0.0166016 0.0146484 0.0183563
2 0.558105 0.881836 0.0146484 0.0175781 0.0112991
1 0.664062 0.925293 0.0166016 0.0195312 0.0103836
