1 0.913086 0.374268 0.0517578 0.0576172 0.917969
1 0.661133 0.283691 0.0615234 0.0693359 0.914062
2 0.130493 0.71582 0.0563965 0.0517578 0.882812
2 0.884277 0.393311 0.0439453 0.050293 0.767578
2 0.581543 0.439697 0.03125 0.0478516 0.721191
1 0.883789 0.392822 0.0439453 0.050293 0.603027
2 0.110229 0.694824 0.0373535 0.0371094 0.078186
0 0.661133 0.283691 0.0615234 0.0683594 0.0393066
1 0.130493 0.716309 0.0563965 0.0527344 0.0364685
1 0.0689697 0.577148 0.015625 0.0136719 0.0307922
0 0.912598 0.374512 0.0507812 0.0576172 0.0126419
2 0.847656 0.382324 0.0292969 0.0361328 0.011879
2 0.0689697 0.577148 0.015625 0.0136719 0.0112534
2 0.105682 0.693848 0.0274048 0.0322266 0.010643
