0 0.476562 0.544434 0.0703125 0.0878906 0.947754
0 0.542969 0.566895 0.0830078 0.0888672 0.897949
1 0.593262 0.672852 0.0751953 0.0693359 0.896484
1 0.65918 0.708496 0.0644531 0.0634766 0.884766
1 0.723145 0.721191 0.0712891 0.0703125 0.882324
0 0.317383 0.581055 0.0322266 0.0751953 0.817871
0 0.773438 0.772949 0.0791016 0.0810547 0.808594
0 0.680176 0.649902 0.0390625 0.0693359 0.373779
1 0.679688 0.649902 0.0400391 0.0703125 0.301758
1 0.772949 0.772949 0.078125 0.0810547 0.208862
0 0.723145 0.72168 0.0722656 0.0693359 0.1604
1 0.542969 0.566406 0.0830078 0.0878906 0.106201
0 0.660156 0.708496 0.0605469 0.0644531 0.0873413
0 0.453613 0.432861 0.0234375 0.027832 0.0791626
2 0.686523 0.456787 0.0322266 0.0493164 0.0428772
0 0.661133 0.647949 0.0742188 0.0712891 0.0355835
1 0.660645 0.648926 0.0751953 0.0712891 0.0333252
0 0.51123 0.55957 0.0253906 0.0576172 0.0314026
0 0.593262 0.67334 0.0732422 0.0693359 0.0159607
2 0.626953 0.991211 0.0195312 0.0175781 0.0158997
1 0.475586 0.543457 0.0693359 0.0878906 0.0142899
2 0.418213 0.421387 0.0209961 0.0229492 0.0142365
0 0.322754 0.564453 0.0214844 0.0419922 0.0140152
1 0.453613 0.432861 0.0234375 0.027832 0.0109177
2 0.594238 0.672363 0.0742188 0.0683594 0.0108719
1 0.432861 0.42627 0.0195312 0.0166016 0.0103989
