0 0.0924683 0.660156 0.083374 0.0683594 0.922852
0 0.839844 0.954346 0.0576172 0.0541992 0.916016
0 0.0888062 0.58252 0.0760498 0.0556641 0.861816
0 0.882812 0.00978088 0.015625 0.0195618 0.600098
0 0.0451508 0.566406 0.0320129 0.0478516 0.536621
1 0.0821533 0.549316 0.0505371 0.0224609 0.454102
0 0.0816345 0.549316 0.0527954 0.0214844 0.238525
1 0.0873108 0.581543 0.0753784 0.0576172 0.19812
0 0.0766602 0.552734 0.0703125 0.0292969 0.190186
0 0.0690308 0.563965 0.0665283 0.0498047 0.16687
0 0.0806274 0.697754 0.0321045 0.015625 0.129028
1 0.882812 0.00976562 0.0166016 0.0194092 0.0732422
0 0.0547943 0.564941 0.0483704 0.0507812 0.0452271
1 0.046814 0.566406 0.0340576 0.0498047 0.0413818
2 0.392578 0.961914 0.0253906 0.0234375 0.0390015
1 0.838867 0.954102 0.0576172 0.0546875 0.0251312
1 0.0766602 0.552734 0.0703125 0.0292969 0.0197906
1 0.0675201 0.562988 0.0776062 0.0488281 0.0192108
0 0.0809326 0.694824 0.0385742 0.0205078 0.0151062
