0 0.0665894 0.831543 0.0255127 0.0263672 0.73584
0 0.0119629 0.816895 0.0239258 0.0253906 0.724609
0 0.949219 0.792969 0.0224609 0.0214844 0.619141
0 0.731445 0.885254 0.0175781 0.0175781 0.376465
0 0.0252228 0.816895 0.0120544 0.0166016 0.227295
1 0.94873 0.79248 0.0224609 0.0214844 0.0540161
1 0.0109711 0.816406 0.0219421 0.0253906 0.0488281
2 0.96582 0.939941 0.0195312 0.0205078 0.0289917
2 0.0394287 0.639648 0.0760498 0.0917969 0.0287018
2 0.65332 0.914551 0.0146484 0.0166016 0.027832
1 0.731445 0.885254 0.0175781 0.0175781 0.0226746
2 0.731445 0.885254 0.0175781 0.0175781 0.0213776
1 0.96582 0.939941 0.0195312 0.0205078 0.0136642
2 0.987305 0.828613 0.0175781 0.015625 0.0127945
