1 0.886719 0.786621 0.0146484 0.0146484 0.656738
1 0.861328 0.937012 0.0126953 0.0126953 0.655762
1 0.839844 0.993164 0.0136719 0.0117188 0.652344
1 0.873535 0.947266 0.0117188 0.0136719 0.638672
1 0.889648 0.961914 0.0136719 0.0136719 0.618164
1 0.80957 0.83252 0.0214844 0.0205078 0.598633
0 0.29541 0.978516 0.0131836 0.0136719 0.546387
1 0.82959 0.982422 0.0136719 0.0117188 0.457031
1 0.837891 0.980469 0.0126953 0.0136719 0.413818
1 0.864746 0.913086 0.0146484 0.0136719 0.335693
2 0.969727 0.920898 0.0117188 0.0117188 0.326416
1 0.845703 0.756836 0.0136719 0.0117188 0.267822
1 0.558594 0.994141 0.0146484 0.0117188 0.248901
1 0.904297 0.77832 0.00976562 0.0126953 0.239502
1 0.827148 0.983398 0.0126953 0.0136719 0.213135
1 0.85791 0.775879 0.0107422 0.0117188 0.202026
0 0.45752 0.896973 0.0141602 0.00976562 0.19751
2 0.839355 0.993164 0.0136719 0.0117188 0.178101
0 0.558105 0.994141 0.0136719 0.00976562 0.174683
2 0.865234 0.912598 0.0136719 0.0126953 0.174072
0 0.845703 0.756836 0.0136719 0.0117188 0.17041
2 0.889648 0.962646 0.0146484 0.0141602 0.166626
2 0.922852 0.974609 0.0117188 0.0117188 0.165649
1 0.972656 0.884766 0.0136719 0.0126953 0.164307
0 0.422119 0.912598 0.0185547 0.0175781 0.144653
0 0.423584 0.936035 0.0107422 0.0117188 0.126953
1 0.29541 0.978516 0.0141602 0.015625 0.123352
1 0.444336 0.301514 0.0405273 0.0415039 0.122437
2 0.838867 0.979492 0.0126953 0.0117188 0.119995
1 0.922363 0.974365 0.0117188 0.012207 0.111877
2 0.972656 0.884766 0.0136719 0.0126953 0.0995483
0 0.400391 0.900879 0.0078125 0.00976562 0.0987549
2 0.861328 0.937012 0.0126953 0.0126953 0.09198
0 0.904297 0.77832 0.00976562 0.0126953 0.0914307
2 0.303223 0.992676 0.0185547 0.0146484 0.0836182
0 0.399658 0.912598 0.00927734 0.0107422 0.0734863
2 0.80957 0.83252 0.0214844 0.0205078 0.0690308
0 0.861328 0.937012 0.0126953 0.0126953 0.0621643
0 0.421387 0.916504 0.0166016 0.0146484 0.0606079
2 0.886719 0.786621 0.0146484 0.0146484 0.0591125
2 0.443848 0.302002 0.0405273 0.0419922 0.0529785
0 0.456299 0.928223 0.0107422 0.0107422 0.0505676
0 0.422607 0.932617 0.0131836 0.015625 0.0504761
2 0.845703 0.756836 0.0136719 0.0117188 0.049469
2 0.829102 0.982422 0.0126953 0.0117188 0.0487976
1 0.902832 0.778809 0.0126953 0.015625 0.0473938
0 0.416504 0.90625 0.00927734 0.0107422 0.0466614
2 0.873535 0.947266 0.0126953 0.0136719 0.0437012
0 0.417969 0.927734 0.0136719 0.0117188 0.0374756
2 0.85791 0.775879 0.0107422 0.0107422 0.0364685
0 0.526855 0.990234 0.0117188 0.0117188 0.0348511
2 0.558594 0.994141 0.0146484 0.00976562 0.0342102
0 0.828125 0.983398 0.0117188 0.0136719 0.0300446
0 0.949707 0.916992 0.0107422 0.0117188 0.0210419
0 0.886719 0.786133 0.015625 0.0146484 0.0210266
2 0.903809 0.77832 0.00976562 0.0136719 0.0210266
2 0.827637 0.985352 0.0136719 0.0136719 0.020874
1 0.45752 0.897461 0.0146484 0.0107422 0.0203247
1 0.969971 0.920898 0.0112305 0.0126953 0.0184021
2 0.397217 0.991211 0.0136719 0.015625 0.0178375
0 0.85791 0.775879 0.0107422 0.0107422 0.0177917
0 0.837891 0.980469 0.0126953 0.0136719 0.0155182
0 0.873535 0.947266 0.0126953 0.0136719 0.0150681
2 0.871094 0.756836 0.0117188 0.0185547 0.013916
0 0.839355 0.993164 0.0136719 0.0117188 0.0136337
2 0.121704 0.704102 0.0178223 0.0214844 0.0127869
1 0.400391 0.900879 0.0078125 0.00976562 0.0125046
0 0.865234 0.912598 0.0136719 0.0126953 0.0121765
1 0.895996 0.78125 0.0283203 0.0195312 0.0115967
0 0.415039 0.906738 0.0151367 0.0146484 0.011467
0 0.889648 0.962646 0.0146484 0.0141602 0.0114441
1 0.456299 0.928711 0.0107422 0.0107422 0.0113068
0 0.937012 0.939941 0.0185547 0.0195312 0.0106659
