0 0.699707 0.661621 0.0458984 0.0556641 0.91748
0 0.624512 0.628418 0.0537109 0.0585938 0.886719
0 0.658691 0.663574 0.0332031 0.0380859 0.805664
1 0.565918 0.694824 0.0283203 0.0390625 0.722656
1 0.585938 0.65918 0.0449219 0.0419922 0.549805
0 0.585938 0.658691 0.0449219 0.0419922 0.372314
0 0.692871 0.703125 0.0273438 0.0214844 0.131226
1 0.624512 0.628418 0.0546875 0.0595703 0.114868
1 0.657715 0.662598 0.0351562 0.0380859 0.0462036
0 0.56543 0.694336 0.0283203 0.0390625 0.030014
2 0.244141 0.589355 0.0405273 0.0371094 0.0290527
2 0.565918 0.694824 0.0292969 0.0400391 0.0290222
1 0.243896 0.589355 0.0400391 0.0380859 0.0209198
1 0.699707 0.661621 0.046875 0.0556641 0.0187225
1 0.55957 0.705566 0.0175781 0.0185547 0.0120697
0 0.647949 0.662598 0.0566406 0.0371094 0.0120468
0 0.687012 0.704102 0.0185547 0.0175781 0.0108109
