2 0.0341797 0.140625 0.060791 0.0495605 0.84375
2 0.765625 0.0391846 0.0371094 0.0428467 0.837891
0 0.808594 0.050354 0.0449219 0.0483398 0.834961
1 0.0185242 0.202026 0.0361938 0.0302734 0.833008
0 0.64502 0.088501 0.0332031 0.03125 0.791504
0 0.360107 0.15918 0.03125 0.0541992 0.708008
0 0.828125 0.0321655 0.0458984 0.0418701 0.666992
1 0.478516 0.0310059 0.0175781 0.0185547 0.572754
2 0.022583 0.175537 0.038208 0.0290527 0.52832
0 0.431152 0.13269 0.0200195 0.0400391 0.498779
1 0.0222778 0.175415 0.0384521 0.0283203 0.403076
1 0.431396 0.133179 0.0209961 0.0395508 0.352539
1 0.829102 0.0314941 0.0439453 0.0410156 0.255127
0 0.219421 0.218079 0.0167236 0.0174561 0.195679
1 0.64502 0.088501 0.0332031 0.0310059 0.195679
1 0.0341187 0.140991 0.0612793 0.0510254 0.126587
2 0.00628662 0.161865 0.0124512 0.0302734 0.101807
2 0.0075531 0.138184 0.0151062 0.0488281 0.071106
2 0.00732422 0.168579 0.0137329 0.0334473 0.0705566
2 0.00634766 0.155762 0.0126953 0.0288086 0.0603638
0 0.478516 0.0308075 0.0175781 0.0189514 0.051239
1 0.808594 0.0499268 0.0458984 0.046875 0.047821
2 0.00598145 0.172363 0.0111084 0.0319824 0.0448608
1 0.440674 0.0220337 0.00927734 0.0117798 0.0440674
1 0.219238 0.217773 0.0175781 0.0180664 0.0357361
0 0.440674 0.0218811 0.00927734 0.012207 0.0325623
2 0.478516 0.0308075 0.0175781 0.0189514 0.0284424
1 0.00634766 0.170166 0.0126343 0.0366211 0.0281982
1 0.765625 0.0387726 0.0380859 0.0433044 0.0281219
2 0.0419922 0.797852 0.0345459 0.0390625 0.0276184
0 0.0184937 0.202271 0.0361328 0.0302734 0.0259552
0 0.354736 0.165039 0.0185547 0.036377 0.018219
2 0.0112915 0.174927 0.0205688 0.03125 0.0179443
2 0.462158 0.00518799 0.0151367 0.010376 0.0161285
0 0.813965 0.0598145 0.0322266 0.0319824 0.0149765
0 0.364014 0.146484 0.0239258 0.0280762 0.0145721
2 0.0184937 0.202271 0.0361328 0.0302734 0.0139923
2 0.00253296 0.115112 0.00506592 0.0251465 0.0130539
0 0.354736 0.177124 0.0170898 0.0166016 0.0116577
2 0.440674 0.0220337 0.00927734 0.0117798 0.0115891
0 0.935059 0.67041 0.0498047 0.0507812 0.0110092
