0 0.757324 0.11377 0.0585938 0.057373 0.940918
1 0.281982 0.35498 0.0585938 0.0566406 0.92627
1 0.317627 0.634766 0.043457 0.0507812 0.919434
1 0.36499 0.293945 0.0498047 0.0546875 0.897461
1 0.533203 0.287354 0.0380859 0.0415039 0.88916
1 0.315918 0.384766 0.0517578 0.050293 0.886719
1 0.357666 0.538086 0.0273438 0.0585938 0.875
0 0.2146 0.67041 0.0488281 0.0488281 0.862305
1 0.336426 0.324951 0.0454102 0.0341797 0.861816
1 0.154175 0.640137 0.0544434 0.0517578 0.854004
0 0.750488 0.0825195 0.0498047 0.0441895 0.852539
0 0.111206 0.638672 0.0407715 0.0273438 0.851562
0 0.112305 0.5625 0.0424805 0.0498047 0.850586
1 0.320801 0.593262 0.0385742 0.0341797 0.839844
0 0.468018 0.368896 0.0307617 0.0283203 0.832031
1 0.274658 0.620605 0.0356445 0.0361328 0.809082
1 0.78125 0.139526 0.0585938 0.0432129 0.762695
1 0.396973 0.355713 0.0395508 0.0239258 0.759766
1 0.173462 0.665039 0.0407715 0.0458984 0.753418
1 0.203552 0.623535 0.0465088 0.0478516 0.749512
0 0.191528 0.583008 0.0405273 0.0410156 0.73291
0 0.890625 0.105438 0.03125 0.0564575 0.723633
0 0.4021 0.379639 0.0366211 0.0273438 0.689453
0 0.831055 0.198608 0.0439453 0.067627 0.67334
1 0.246094 0.652832 0.0517578 0.0488281 0.672363
0 0.239502 0.586914 0.0585938 0.0615234 0.666992
0 0.227051 0.299316 0.0336914 0.0375977 0.651855
1 0.429443 0.362061 0.0302734 0.0195312 0.651855
1 0.261719 0.546875 0.0361328 0.0380859 0.646484
1 0.326416 0.420898 0.0283203 0.03125 0.616699
0 0.156006 0.478882 0.0266113 0.0383301 0.616211
1 0.498047 0.269531 0.03125 0.015625 0.588379
1 0.342041 0.108887 0.015625 0.0268555 0.56543
1 0.286377 0.581543 0.0444336 0.0429688 0.558594
0 0.157715 0.52832 0.0310059 0.0361328 0.552734
1 0.300293 0.5625 0.0258789 0.0361328 0.543945
0 0.245117 0.652344 0.0527344 0.0488281 0.525391
0 0.135132 0.523438 0.0246582 0.0263672 0.501953
0 0.320801 0.255859 0.0214844 0.0136719 0.485352
1 0.399658 0.370361 0.0395508 0.0258789 0.47998
0 0.299072 0.0903625 0.0170898 0.0214233 0.429199
1 0.23999 0.625488 0.0375977 0.0214844 0.414795
1 0.4021 0.379883 0.0366211 0.0263672 0.403564
1 0.890625 0.105499 0.03125 0.0558472 0.361572
1 0.227295 0.299316 0.0356445 0.0375977 0.347412
1 0.273438 0.479492 0.0175781 0.0214844 0.328857
1 0.155884 0.478882 0.0263672 0.0383301 0.318359
0 0.173706 0.665039 0.041748 0.0458984 0.313477
1 0.239014 0.588379 0.0576172 0.0585938 0.299805
0 0.32251 0.139038 0.0180664 0.0297852 0.295166
0 0.780762 0.139526 0.0585938 0.0437012 0.293701
1 0.467896 0.368896 0.0310059 0.0283203 0.288086
0 0.133301 0.613281 0.0200195 0.0341797 0.281006
1 0.293213 0.585938 0.0537109 0.0410156 0.243164
1 0.234863 0.547852 0.0327148 0.0351562 0.208374
0 0.300537 0.0964355 0.0205078 0.0332031 0.200073
1 0.326416 0.363281 0.0302734 0.0170898 0.199097
0 0.399658 0.370361 0.0395508 0.0258789 0.180542
1 0.831055 0.198303 0.0449219 0.0697021 0.172119
0 0.154175 0.639648 0.0534668 0.0507812 0.171875
0 0.235168 0.548828 0.0335693 0.0341797 0.171021
0 0.203308 0.623535 0.0460205 0.0478516 0.168213
1 0.300537 0.0968323 0.0205078 0.0336304 0.165405
1 0.758789 0.113617 0.0585938 0.0564575 0.151733
1 0.304199 0.10083 0.0161133 0.0324707 0.148193
1 0.299072 0.09021 0.0170898 0.0209961 0.146851
0 0.396484 0.355957 0.0400391 0.0249023 0.138428
1 0.305908 0.104492 0.012207 0.0263672 0.137207
1 0.269531 0.54834 0.0268555 0.0361328 0.13501
0 0.239014 0.626465 0.0375977 0.0224609 0.134277
1 0.320312 0.255859 0.0214844 0.0136719 0.125488
0 0.36499 0.293701 0.0493164 0.0551758 0.120972
0 0.281982 0.355469 0.0581055 0.0561523 0.109253
0 0.429688 0.362061 0.0297852 0.0195312 0.106812
0 0.146973 0.608398 0.0495605 0.0322266 0.0971069
0 0.281738 0.582031 0.0385742 0.0419922 0.0871582
0 0.357422 0.537109 0.0273438 0.0566406 0.0737915
0 0.163208 0.51123 0.0217285 0.0146484 0.0723267
0 0.335938 0.325195 0.0463867 0.0351562 0.0715332
0 0.1521 0.544922 0.0200195 0.0214844 0.0700684
1 0.274902 0.550293 0.043457 0.0419922 0.0691528
0 0.26123 0.546387 0.0380859 0.0390625 0.0658569
0 0.299805 0.562012 0.0253906 0.0351562 0.0638428
1 0.340088 0.0966797 0.0170898 0.032959 0.0634155
1 0.324707 0.11499 0.0102539 0.0134277 0.0617676
1 0.133789 0.523926 0.0253906 0.0273438 0.0577698
1 0.80127 0.138672 0.0195312 0.0334473 0.0574036
0 0.272461 0.621094 0.0332031 0.0361328 0.056427
0 0.325195 0.126953 0.0146484 0.013916 0.0539551
0 0.326416 0.363281 0.0302734 0.0170898 0.0500183
2 0.192627 0.31958 0.0302734 0.0219727 0.0495605
1 0.334473 0.0969238 0.0146484 0.026123 0.048645
1 0.526855 0.262695 0.0205078 0.0170898 0.0472107
1 0.419434 0.357666 0.0166016 0.0146484 0.0442505
1 0.111816 0.562012 0.0429688 0.0498047 0.0433655
0 0.326416 0.421143 0.0288086 0.0317383 0.0431824
1 0.27124 0.477173 0.0234375 0.0290527 0.0427856
0 0.13855 0.548828 0.0319824 0.0273438 0.0418701
0 0.304199 0.10083 0.0161133 0.0324707 0.040863
1 0.110931 0.638672 0.0415649 0.0283203 0.0405273
0 0.498047 0.269287 0.0302734 0.015625 0.0402222
1 0.279053 0.583984 0.03125 0.0410156 0.0398865
0 0.305908 0.104492 0.012207 0.0263672 0.0385132
1 0.332031 0.103668 0.0180664 0.0297241 0.0371399
1 0.320312 0.380127 0.0429688 0.0385742 0.0364075
0 0.533691 0.287598 0.0371094 0.0415039 0.0361328
1 0.515137 0.284424 0.015625 0.0185547 0.0360413
1 0.214478 0.671387 0.0490723 0.0478516 0.0355835
0 0.315674 0.384277 0.0532227 0.0512695 0.0353699
0 0.157959 0.539551 0.0307617 0.0263672 0.0351868
1 0.328125 0.412109 0.0307617 0.0273438 0.0338135
0 0.151978 0.603027 0.0559082 0.0439453 0.0330811
0 0.325439 0.124023 0.012207 0.0141602 0.031311
1 0.325439 0.124023 0.012207 0.0141602 0.0312805
2 0.301025 0.197388 0.0126953 0.0185547 0.0304108
0 0.273682 0.479492 0.0175781 0.0214844 0.0297089
1 0.299072 0.572754 0.0537109 0.0566406 0.0293884
0 0.341797 0.109375 0.015625 0.0270996 0.0293121
2 0.274414 0.620605 0.0351562 0.0361328 0.0257111
0 0.770508 0.144165 0.0361328 0.0366211 0.0250397
1 0.238281 0.603027 0.0566406 0.0556641 0.0247803
0 0.234131 0.298096 0.0429688 0.0341797 0.0244598
1 0.288818 0.55957 0.0444336 0.0390625 0.023941
0 0.141968 0.54834 0.0256348 0.0214844 0.02388
1 0.835449 0.172607 0.0224609 0.0314941 0.0236206
1 0.328613 0.12439 0.0170898 0.0146484 0.0231018
0 0.149292 0.547852 0.0131836 0.015625 0.0227203
0 0.238342 0.603027 0.0565186 0.0556641 0.0222931
1 0.306641 0.373535 0.0390625 0.0449219 0.0218048
1 0.236572 0.554688 0.0317383 0.0322266 0.0213318
0 0.835449 0.172485 0.0224609 0.0317383 0.0210724
1 0.424316 0.359619 0.0244141 0.0185547 0.0204926
0 0.136475 0.529785 0.0285645 0.0400391 0.0202789
1 0.236267 0.61377 0.0528564 0.0400391 0.0201416
1 0.32666 0.109619 0.0151367 0.0212402 0.0190735
0 0.164551 0.509277 0.0168457 0.0136719 0.0187225
0 0.236267 0.61377 0.0528564 0.0400391 0.018692
1 0.325195 0.126953 0.0146484 0.013916 0.0174255
1 0.312744 0.591309 0.050293 0.0361328 0.0167999
0 0.152344 0.540039 0.0231934 0.03125 0.0166016
1 0.750977 0.0811462 0.0507812 0.0427856 0.0163879
2 0.352539 0.464355 0.0200195 0.015625 0.0163727
0 0.802246 0.13623 0.0214844 0.0361328 0.0163116
1 0.306641 0.110596 0.0107422 0.0163574 0.0159302
1 0.321533 0.114258 0.0141602 0.0151367 0.0159149
0 0.104492 0.549316 0.0266113 0.0253906 0.0157471
0 0.140381 0.543945 0.0285645 0.0244141 0.0155563
1 0.434814 0.363525 0.0283203 0.0166016 0.0148621
0 0.135498 0.540527 0.0319824 0.0351562 0.0136719
1 0.334961 0.595703 0.0117188 0.0263672 0.0133514
0 0.137451 0.611816 0.0322266 0.0361328 0.0129013
2 0.351318 0.448486 0.0224609 0.0253906 0.0125961
0 0.236572 0.554688 0.0317383 0.0322266 0.0125198
1 0.530273 0.262207 0.015625 0.0161133 0.0124435
1 0.326172 0.369873 0.0302734 0.0292969 0.0123291
1 0.246582 0.546387 0.0488281 0.0380859 0.0122986
0 0.154907 0.513672 0.0327148 0.0205078 0.0121155
0 0.162109 0.534668 0.020752 0.0205078 0.0118484
1 0.157349 0.532227 0.0305176 0.0292969 0.0117035
1 0.133423 0.613281 0.0200195 0.0341797 0.0113983
2 0.498535 0.269775 0.0302734 0.0166016 0.0111694
0 0.328613 0.12439 0.0170898 0.0146484 0.0104752
1 0.513672 0.277832 0.0175781 0.019043 0.0103912
1 0.334961 0.0945129 0.0112305 0.0253296 0.0103302
1 0.770508 0.144165 0.0361328 0.0366211 0.0102921
