2 0.946777 0.703125 0.0263672 0.0361328 0.728027
1 0.929199 0.846191 0.0332031 0.0302734 0.570312
2 0.968506 0.477539 0.0239258 0.0361328 0.243652
2 0.929199 0.846191 0.0341797 0.0302734 0.119141
1 0.240479 0.127686 0.0336914 0.0268555 0.0441284
1 0.946777 0.703125 0.0253906 0.0371094 0.0329895
1 0.261475 0.123413 0.0126953 0.0244141 0.0243835
2 0.246094 0.956055 0.0249023 0.0332031 0.0240021
2 0.03508 0.562988 0.0382385 0.0390625 0.0235748
2 0.992676 0.343018 0.0146484 0.03125 0.0162811
0 0.140503 0.378174 0.0432129 0.0219727 0.0155029
0 0.240479 0.127808 0.0332031 0.0268555 0.0129318
1 0.140869 0.37793 0.0419922 0.0214844 0.0115891
2 0.0987549 0.292725 0.0305176 0.0546875 0.0100555
