0 0.167114 0.361572 0.0407715 0.0424805 0.935059
0 0.205811 0.361816 0.0375977 0.0356445 0.928223
0 0.0953674 0.442383 0.0414429 0.0390625 0.91748
0 0.123535 0.407471 0.0429688 0.03125 0.915527
0 0.14917 0.334473 0.0336914 0.0283203 0.910645
0 0.231384 0.371338 0.0289307 0.0356445 0.89502
0 0.272705 0.643066 0.0322266 0.0273438 0.833984
0 0.207336 0.598633 0.0296631 0.0322266 0.729004
0 0.565918 0.459839 0.0146484 0.0305176 0.692871
0 0.231689 0.595703 0.0351562 0.0380859 0.600586
0 0.560059 0.459961 0.0253906 0.0322266 0.540039
0 0.802246 0.112549 0.0302734 0.0124512 0.418213
0 0.446533 0.201782 0.0146484 0.015625 0.404785
0 0.437012 0.110107 0.0107422 0.0119629 0.369385
0 0.199341 0.189575 0.0112305 0.0107422 0.313477
0 0.258545 0.40625 0.0166016 0.0141602 0.307129
0 0.807617 0.113281 0.0195312 0.0141602 0.30542
0 0.209229 0.19043 0.00927734 0.0112305 0.253906
0 0.811035 0.112793 0.015625 0.0146484 0.253174
1 0.446533 0.201782 0.0151367 0.015625 0.216431
0 0.20752 0.178345 0.0117188 0.0136719 0.164917
0 0.408203 0.904297 0.012207 0.00976562 0.117188
0 0.201172 0.178223 0.013916 0.0129395 0.109253
0 0.975586 0.660156 0.0136719 0.0185547 0.106262
1 0.209229 0.19043 0.00927734 0.0112305 0.104797
1 0.560547 0.460571 0.0253906 0.0319824 0.0810547
2 0.42334 0.28833 0.0170898 0.0180664 0.0789185
0 0.697266 0.0509033 0.0136719 0.0231934 0.0742188
0 0.205444 0.181885 0.0170898 0.0195312 0.0718384
0 0.798828 0.112305 0.0253906 0.0102539 0.0684204
0 0.976562 0.828125 0.0117188 0.0205078 0.0656128
1 0.976562 0.829102 0.0117188 0.0214844 0.0645752
0 0.60791 0.0662842 0.0205078 0.0228271 0.0498657
0 0.516602 0.00318909 0.0107422 0.00637817 0.0491638
0 0.053833 0.427734 0.0137939 0.0131836 0.0483398
1 0.436768 0.110229 0.0107422 0.012207 0.0413513
1 0.258057 0.406494 0.0166016 0.0136719 0.0382385
0 0.0541992 0.430664 0.0155029 0.019043 0.0371704
0 0.202393 0.591309 0.020752 0.0166016 0.0328674
1 0.604004 0.660156 0.0117188 0.00878906 0.0319214
0 0.232422 0.600586 0.0297852 0.0283203 0.0314636
0 0.209595 0.178101 0.0090332 0.0136719 0.0270081
1 0.565918 0.460205 0.015625 0.0307617 0.0242615
0 0.210144 0.602539 0.0308838 0.0244141 0.0228729
2 0.446289 0.201538 0.0146484 0.0148926 0.0227661
1 0.0954285 0.442383 0.0420532 0.0390625 0.0217133
0 0.238037 0.36377 0.0185547 0.0214844 0.0211945
0 0.604004 0.660156 0.0117188 0.00878906 0.0186615
1 0.697266 0.746582 0.0136719 0.0107422 0.0165863
0 0.606934 0.0718384 0.0205078 0.0339355 0.0157623
1 0.385254 0.385986 0.0166016 0.0146484 0.0153427
2 0.209351 0.190552 0.00976562 0.0119629 0.0150375
2 0.436768 0.110229 0.0107422 0.012207 0.0148849
0 0.218933 0.809082 0.0113525 0.00878906 0.0130234
0 0.155762 0.339355 0.0356445 0.0341797 0.0126038
0 0.182983 0.376221 0.0227051 0.0268555 0.0121384
2 0.207153 0.221191 0.017334 0.019043 0.0119019
0 0.702637 0.0515747 0.0253906 0.0267334 0.0107956
1 0.205444 0.181885 0.0170898 0.0195312 0.0104752
