2 0.252686 0.268799 0.0410156 0.0483398 0.891113
0 0.936035 0.710449 0.0595703 0.0478516 0.854492
1 0.202148 0.76709 0.0319824 0.0351562 0.778809
0 0.925293 0.71875 0.0576172 0.0546875 0.63623
0 0.202026 0.76709 0.0324707 0.0351562 0.244263
0 0.944824 0.719727 0.046875 0.0341797 0.0604858
0 0.953613 0.729492 0.0341797 0.0253906 0.0571289
0 0.907715 0.712891 0.0214844 0.0341797 0.0332031
0 0.941895 0.733887 0.0478516 0.0253906 0.0245972
0 0.937988 0.73584 0.0380859 0.0205078 0.0204163
2 0.221436 0.297607 0.0209961 0.0400391 0.0174561
0 0.910156 0.713867 0.0263672 0.0429688 0.0157318
1 0.25293 0.268799 0.0410156 0.0478516 0.0143204
2 0.842773 0.432617 0.0117188 0.0239258 0.0100937
