1 0.960693 0.683594 0.0415039 0.0498047 0.76709
2 0.537109 0.506348 0.0253906 0.0244141 0.735352
0 0.638184 0.165161 0.0507812 0.0234375 0.724609
0 0.652344 0.140259 0.0234375 0.0280762 0.678223
1 0.43042 0.559082 0.0219727 0.0458984 0.661133
0 0.54248 0.00534058 0.0283203 0.0106812 0.456543
0 0.542969 0.0460815 0.0136719 0.0194092 0.41626
1 0.54248 0.00544739 0.0283203 0.0108948 0.270752
0 0.657715 0.165405 0.0234375 0.0231934 0.239258
0 0.960938 0.683594 0.0429688 0.0517578 0.159668
1 0.691895 0.973633 0.0214844 0.0292969 0.132324
1 0.691406 0.963379 0.0224609 0.0478516 0.126831
0 0.430664 0.55957 0.0224609 0.0458984 0.112061
1 0.657715 0.164795 0.0234375 0.0241699 0.102905
2 0.436035 0.194824 0.019043 0.013916 0.0910645
1 0.652344 0.140381 0.0244141 0.0285645 0.0895386
1 0.503906 0.203491 0.0166016 0.0175781 0.0559998
2 0.435059 0.197021 0.0209961 0.0200195 0.047699
0 0.0834961 0.420166 0.156494 0.189941 0.0472412
0 0.691895 0.963379 0.0214844 0.0478516 0.042572
0 0.390137 0.754395 0.0390625 0.0371094 0.0351562
1 0.537109 0.505859 0.0253906 0.0244141 0.0298157
0 0.691895 0.973633 0.0205078 0.0292969 0.0256042
1 0.434814 0.197266 0.0219727 0.0200195 0.0231934
0 0.987305 0.65918 0.0195312 0.0136719 0.0222626
1 0.987305 0.65918 0.0195312 0.0136719 0.0222168
0 0.995117 0.352051 0.00976562 0.00878906 0.0208435
1 0.54248 0.0452881 0.0136719 0.0189209 0.014946
0 0.503418 0.203369 0.0166016 0.017334 0.0131073
1 0.0774536 0.423706 0.148315 0.164307 0.0130997
0 0.624512 0.167236 0.0361328 0.0227051 0.013092
1 0.63916 0.165161 0.0498047 0.0231934 0.0125656
2 0.53418 0.343506 0.0234375 0.0249023 0.0117264
0 0.986328 0.662598 0.0234375 0.0214844 0.0115891
1 0.435791 0.194824 0.0195312 0.013916 0.0106277
0 0.617676 0.171631 0.0195312 0.013916 0.0105896
1 0.995117 0.353271 0.00976562 0.0112305 0.0101089
