0 0.477661 0.943604 0.0700684 0.0639648 0.943359
0 0.603027 0.333008 0.0664062 0.0854492 0.935059
0 0.534668 0.899414 0.0703125 0.0654297 0.931152
0 0.46228 0.0887451 0.0744629 0.0800781 0.929199
0 0.650391 0.0186462 0.0820312 0.0372925 0.894043
0 0.633789 0.0401611 0.0576172 0.0457764 0.813477
0 0.455078 0.0383301 0.0322266 0.0748291 0.717285
0 0.541016 0.942383 0.0351562 0.0263672 0.705566
0 0.567383 0.342529 0.0351562 0.074707 0.553711
0 0.961426 0.603516 0.0771484 0.163086 0.46582
0 0.571289 0.371094 0.0302734 0.0185547 0.299316
0 0.702637 0.246094 0.0136719 0.0546875 0.278564
0 0.0357056 0.00405884 0.0397949 0.00799561 0.20813
1 0.633301 0.0407562 0.0546875 0.045929 0.0435791
1 0.456665 0.0358276 0.0290527 0.0704346 0.0406494
0 0.9646 0.561035 0.0688477 0.0722656 0.0368958
0 0.335449 0.113281 0.0195312 0.0144043 0.0354919
0 0.458862 0.0274506 0.0256348 0.053009 0.0345154
1 0.571289 0.371094 0.0302734 0.0185547 0.019455
0 0.635254 0.0176697 0.0576172 0.0353394 0.0191498
1 0.463135 0.0876465 0.0727539 0.0808105 0.0187531
1 0.53418 0.899414 0.0703125 0.0654297 0.0182953
0 0.562988 0.335205 0.0332031 0.0751953 0.0161896
0 0.344238 0.103149 0.0361328 0.0344238 0.0159454
1 0.541504 0.942383 0.0341797 0.0253906 0.015419
0 0.973633 0.669922 0.0507812 0.0429688 0.0142059
1 0.567383 0.341553 0.0332031 0.0766602 0.0139618
1 0.603516 0.333252 0.0664062 0.0864258 0.0138474
1 0.477539 0.943604 0.0693359 0.065918 0.012207
0 0.963623 0.578613 0.0708008 0.108398 0.012085
1 0.458862 0.0274506 0.0256348 0.053009 0.0112305
1 0.0331421 0.00393677 0.0415039 0.00787354 0.0111923
