1 0.973389 0.866699 0.012207 0.0126953 0.647461
1 0.994141 0.887695 0.0117188 0.0136719 0.612793
1 0.983398 0.876465 0.0117188 0.0136719 0.590332
1 0.941406 0.915527 0.0117188 0.0107422 0.557617
2 0.897949 0.938477 0.0126953 0.0126953 0.540527
0 0.443359 0.772949 0.0180664 0.0126953 0.502441
1 0.932617 0.905762 0.0107422 0.0126953 0.469482
0 0.549805 0.922852 0.0146484 0.0263672 0.463379
0 0.489746 0.797363 0.0126953 0.0126953 0.454346
0 0.634766 0.751465 0.0136719 0.0117188 0.411377
0 0.285156 0.784668 0.012207 0.0107422 0.410889
0 0.633789 0.781738 0.0136719 0.0107422 0.389893
0 0.745117 0.733398 0.00878906 0.0185547 0.36499
0 0.794434 0.648438 0.0126953 0.0117188 0.359619
1 0.942383 0.902344 0.0117188 0.0117188 0.33374
0 0.652344 0.796875 0.00878906 0.00976562 0.306641
2 0.982422 0.991211 0.00976562 0.0117188 0.281494
2 0.960938 0.919922 0.0107422 0.0107422 0.277344
2 0.942871 0.902344 0.0117188 0.0117188 0.264648
1 0.905273 0.896484 0.0136719 0.0126953 0.253906
0 0.321533 0.737305 0.0146484 0.0117188 0.238647
2 0.940918 0.914551 0.0107422 0.0107422 0.232788
1 0.983398 0.846191 0.0117188 0.0117188 0.227173
1 0.811035 0.958496 0.0117188 0.0126953 0.218872
0 0.723633 0.733887 0.00976562 0.0146484 0.199341
2 0.993164 0.888184 0.0117188 0.0136719 0.199219
0 0.312744 0.754883 0.00927734 0.00976562 0.19458
0 0.87793 0.727051 0.00976562 0.00976562 0.193237
0 0.258545 0.829102 0.0141602 0.0136719 0.149048
0 0.307129 0.774902 0.00830078 0.00878906 0.141479
0 0.865234 0.977539 0.0117188 0.0078125 0.130859
0 0.291992 0.846191 0.00830078 0.0117188 0.128784
2 0.932617 0.905762 0.0107422 0.0126953 0.126099
0 0.733887 0.734375 0.03125 0.0244141 0.121155
2 0.910156 0.936523 0.0117188 0.0117188 0.0963745
2 0.946777 0.764648 0.0117188 0.0117188 0.0888672
2 0.923828 0.942383 0.0107422 0.0117188 0.0839233
2 0.983398 0.846191 0.0117188 0.0126953 0.0839233
2 0.974609 0.983398 0.0117188 0.0117188 0.0822754
1 0.927246 0.877441 0.0117188 0.00878906 0.0807495
0 0.495605 0.793945 0.0107422 0.0126953 0.0804443
1 0.897949 0.938965 0.0126953 0.0117188 0.0761719
1 0.903809 0.897949 0.0175781 0.0175781 0.0666504
2 0.811523 0.958496 0.0117188 0.0117188 0.0621033
1 0.947266 0.765137 0.0126953 0.0126953 0.0604553
0 0.927246 0.877441 0.0117188 0.00878906 0.059021
0 0.600586 0.782715 0.0146484 0.0166016 0.0568848
0 0.973633 0.867188 0.0117188 0.0126953 0.0558472
0 0.71875 0.848145 0.0136719 0.0234375 0.0556641
1 0.960938 0.919922 0.00976562 0.0107422 0.0555725
2 0.973633 0.867188 0.0117188 0.0126953 0.0554504
1 0.258545 0.82959 0.0146484 0.0146484 0.0552368
0 0.258301 0.756836 0.00878906 0.00878906 0.0546875
0 0.598145 0.779785 0.0136719 0.0136719 0.0512085
1 0.633301 0.781738 0.0126953 0.0107422 0.0498047
1 0.99707 0.704102 0.00585938 0.0126953 0.0484619
0 0.497559 0.791992 0.00976562 0.0107422 0.0460205
2 0.905762 0.895996 0.0126953 0.0107422 0.0431519
1 0.982422 0.991211 0.0117188 0.0117188 0.0431213
0 0.602539 0.786621 0.0107422 0.00976562 0.0412598
0 0.99707 0.704102 0.00585938 0.0126953 0.0392151
0 0.244141 0.815918 0.00878906 0.00976562 0.0332031
0 0.811035 0.958496 0.0117188 0.0117188 0.0328369
1 0.600098 0.782715 0.015625 0.0175781 0.0327759
2 0.983398 0.876465 0.0117188 0.0136719 0.0302429
0 0.955078 0.826172 0.00878906 0.00878906 0.0301056
0 0.720703 0.854492 0.00878906 0.0136719 0.0286865
2 0.956543 0.771484 0.00976562 0.00976562 0.0261993
1 0.602539 0.786621 0.0107422 0.00976562 0.026062
0 0.597168 0.759766 0.0107422 0.0126953 0.0257874
2 0.927246 0.877441 0.0117188 0.00878906 0.0218964
0 0.604004 0.766602 0.015625 0.0146484 0.0206757
1 0.975586 0.984375 0.0117188 0.0117188 0.0186615
1 0.865234 0.977539 0.0117188 0.0078125 0.0182343
1 0.598145 0.779785 0.0146484 0.0146484 0.0177155
0 0.719238 0.842773 0.0107422 0.0107422 0.0171356
0 0.983398 0.846191 0.0117188 0.0126953 0.0167389
0 0.932617 0.905762 0.0107422 0.0126953 0.0163727
0 0.745117 0.734863 0.0117188 0.0224609 0.0162506
0 0.942383 0.902344 0.0117188 0.0117188 0.0156021
0 0.231201 0.751953 0.00830078 0.0078125 0.0152283
0 0.940918 0.914551 0.0107422 0.0107422 0.0150146
0 0.717285 0.841797 0.0126953 0.0107422 0.0149307
0 0.751953 0.790527 0.00878906 0.0126953 0.0144348
2 0.633789 0.78125 0.0136719 0.0107422 0.0144196
0 0.637695 0.79834 0.0078125 0.00976562 0.0141983
0 0.294434 0.871582 0.0151367 0.0107422 0.0127258
1 0.489746 0.796875 0.0136719 0.0136719 0.0121384
0 0.905273 0.895996 0.0136719 0.0117188 0.0107269
2 0.259521 0.828613 0.0126953 0.0136719 0.0106659
0 0.63623 0.797363 0.0107422 0.0117188 0.0103226
