0 0.573242 0.420166 0.0126953 0.0117188 0.408203
2 0.00704956 0.116577 0.0140991 0.03125 0.258545
1 0.00721741 0.115967 0.0144348 0.0327148 0.243896
1 0.559082 0.40625 0.0205078 0.015625 0.138916
1 0.572754 0.419922 0.0117188 0.0126953 0.109619
1 0.449219 0.193115 0.0161133 0.0146484 0.0966797
2 0.578125 0.332275 0.0224609 0.015625 0.0830078
2 0.449219 0.192993 0.0161133 0.0144043 0.0354309
1 0.392334 0.455078 0.0146484 0.012207 0.0332031
2 0.559082 0.40625 0.0195312 0.015625 0.0270691
2 0.00680542 0.123291 0.0134888 0.0168457 0.0173492
1 0.414795 0.541992 0.0126953 0.0126953 0.0155792
2 0.572754 0.419922 0.0117188 0.0126953 0.0134964
1 0.438721 0.527344 0.0258789 0.0263672 0.0114365
