0 0.178833 0.14978 0.0180664 0.0236816 0.574219
1 0.187256 0.118164 0.0229492 0.0317383 0.556152
1 0.202881 0.167969 0.0136719 0.0234375 0.228516
1 0.894531 0.700195 0.0166016 0.03125 0.154053
2 0.895508 0.701172 0.015625 0.0283203 0.117493
1 0.178833 0.14978 0.0180664 0.0236816 0.106812
0 0.187744 0.118408 0.0231934 0.0322266 0.104065
0 0.00485229 0.0366211 0.00970459 0.0142822 0.0683594
1 0.893066 0.698242 0.0224609 0.0371094 0.0607605
2 0.00665283 0.280762 0.0124512 0.0249023 0.0544739
0 0.203613 0.168091 0.0136719 0.0241699 0.0542603
1 0.00486755 0.0368195 0.00973511 0.0141296 0.0398865
2 0.161743 0.281006 0.0351562 0.0200195 0.0307465
2 0.167603 0.279785 0.0236816 0.0180664 0.0253143
2 0.187012 0.11792 0.0231934 0.0310059 0.0236664
1 0.00674438 0.280762 0.0128784 0.0249023 0.0222931
2 0.157715 0.283691 0.0402832 0.0229492 0.0159912
1 0.185303 0.124023 0.0285645 0.048584 0.0130386
1 0.190674 0.124023 0.019043 0.032959 0.0110474
2 0.388428 0.935059 0.0205078 0.0273438 0.0107346
2 0.893066 0.698242 0.0214844 0.0371094 0.0105209
