1 0.286621 0.300537 0.0351562 0.0380859 0.882812
1 0.321289 0.275146 0.0366211 0.0419922 0.878418
1 0.380127 0.425537 0.0356445 0.0366211 0.876465
0 0.592773 0.135864 0.0253906 0.026123 0.835449
0 0.571777 0.141968 0.0214844 0.0234375 0.785156
1 0.189087 0.384766 0.046875 0.0449219 0.774902
1 0.385986 0.287598 0.0219727 0.0341797 0.77002
1 0.227783 0.381348 0.0400391 0.0537109 0.748047
2 0.383301 0.339111 0.0219727 0.0380859 0.724609
1 0.397705 0.50293 0.0224609 0.0244141 0.710449
0 0.60498 0.144043 0.0185547 0.0209961 0.699707
1 0.161133 0.317627 0.0332031 0.0253906 0.681641
2 0.548828 0.812988 0.0185547 0.0234375 0.665039
0 0.624023 0.141479 0.0205078 0.019043 0.547363
2 0.29248 0.373779 0.027832 0.0268555 0.536621
2 0.362549 0.333984 0.0371094 0.0400391 0.509277
2 0.533203 0.808105 0.0166016 0.0214844 0.472168
2 0.123413 0.210144 0.0288086 0.0289307 0.466309
1 0.164551 0.203125 0.0256348 0.0236816 0.419922
1 0.362793 0.333496 0.0385742 0.0390625 0.382568
1 0.718262 0.221863 0.0146484 0.022583 0.370605
1 0.624023 0.140991 0.0205078 0.0195312 0.345459
0 0.189331 0.38501 0.0466309 0.0439453 0.343506
1 0.185425 0.136963 0.027832 0.0217285 0.333252
1 0.29834 0.278564 0.012207 0.0175781 0.317871
2 0.123657 0.189575 0.0129395 0.0129395 0.296143
1 0.268799 0.227539 0.015625 0.015625 0.268555
0 0.268799 0.227539 0.015625 0.0151367 0.263428
0 0.164062 0.202637 0.0253906 0.0227051 0.255371
1 0.548828 0.812988 0.0185547 0.0224609 0.233521
1 0.219238 0.409668 0.0258789 0.0288086 0.211182
1 0.193237 0.137329 0.0146484 0.0192871 0.207642
2 0.799805 0.651855 0.0566406 0.0654297 0.195801
2 0.37085 0.312744 0.0209961 0.019043 0.181763
2 0.321289 0.275391 0.0371094 0.0419922 0.163696
1 0.286621 0.279053 0.0317383 0.0175781 0.134399
2 0.161133 0.317383 0.0324707 0.0253906 0.129883
1 0.382812 0.338867 0.0224609 0.0380859 0.113953
2 0.373047 0.337402 0.0356445 0.0375977 0.0988159
1 0.275879 0.27832 0.0112305 0.0131836 0.0913696
2 0.364258 0.314209 0.0351562 0.0219727 0.0831299
0 0.297852 0.278076 0.0131836 0.019043 0.0733643
1 0.644531 0.822266 0.0253906 0.0234375 0.0640869
1 0.592773 0.13562 0.0253906 0.0258789 0.0621948
1 0.372559 0.433838 0.0195312 0.0185547 0.0603027
0 0.71875 0.22168 0.0146484 0.0229492 0.0597229
2 0.397705 0.503418 0.0224609 0.0244141 0.0576477
1 0.261475 0.364746 0.0288086 0.0288086 0.0540466
2 0.638184 0.822266 0.0136719 0.0214844 0.0515747
2 0.261719 0.364746 0.0292969 0.0292969 0.0484924
1 0.604492 0.143311 0.0195312 0.0229492 0.0475769
1 0.371338 0.3125 0.0205078 0.0195312 0.0444641
1 0.368408 0.432373 0.012207 0.0185547 0.0409546
1 0.373047 0.337402 0.0356445 0.0375977 0.0392151
1 0.384766 0.416016 0.0253906 0.0175781 0.036438
2 0.811523 0.697754 0.0419922 0.0371094 0.0361938
1 0.298828 0.275635 0.0136719 0.0249023 0.0345764
2 0.209229 0.138916 0.0219727 0.0168457 0.0323792
2 0.156616 0.108521 0.0180664 0.0163574 0.0315247
1 0.638184 0.822266 0.0136719 0.0214844 0.0293732
2 0.359131 0.316895 0.0380859 0.0258789 0.0279846
1 0.265869 0.363525 0.0219727 0.0263672 0.022995
0 0.385986 0.287598 0.0224609 0.0351562 0.0224915
2 0.193481 0.136841 0.0144043 0.019043 0.022171
2 0.644043 0.822266 0.0253906 0.0234375 0.0215302
1 0.29541 0.279541 0.0175781 0.0195312 0.0208435
2 0.71875 0.22168 0.0146484 0.0229492 0.0207977
2 0.360107 0.325195 0.0415039 0.0366211 0.0200348
1 0.376709 0.435303 0.0283203 0.0175781 0.019104
1 0.364014 0.314209 0.0356445 0.0219727 0.0187683
0 0.286621 0.300293 0.0351562 0.0380859 0.0181885
1 0.648438 0.823242 0.0322266 0.0283203 0.0171051
0 0.228027 0.380859 0.0405273 0.0522461 0.0135574
0 0.185059 0.136353 0.0290527 0.0227051 0.012207
0 0.321045 0.275635 0.0375977 0.0410156 0.0120239
2 0.29834 0.278564 0.012207 0.0175781 0.0114441
2 0.121826 0.205566 0.0212402 0.019043 0.011322
1 0.571777 0.141968 0.0214844 0.0227051 0.010849
1 0.291748 0.373047 0.0292969 0.027832 0.0107727
2 0.268799 0.227539 0.015625 0.0151367 0.010498
2 0.624512 0.141602 0.0205078 0.0187988 0.010498
1 0.670898 0.837402 0.0185547 0.0166016 0.0102997
1 0.226074 0.391846 0.0405273 0.0527344 0.0102386
2 0.385742 0.287354 0.0219727 0.0341797 0.0100861
