0 0.568359 0.0622559 0.0341797 0.0458984 0.938477
0 0.552734 0.918945 0.0507812 0.0537109 0.932129
0 0.142334 0.220886 0.0744629 0.0689697 0.931641
0 0.76123 0.812988 0.0527344 0.0507812 0.924316
0 0.715332 0.537109 0.0517578 0.0498047 0.90625
0 0.39209 0.833496 0.0419922 0.0429688 0.900391
0 0.637207 0.020874 0.0673828 0.041748 0.887695
0 0.600586 0.0375977 0.0439453 0.0461426 0.885742
0 0.415283 0.80127 0.0458984 0.0488281 0.879395
0 0.720215 0.290039 0.0488281 0.0449219 0.874512
0 0.901855 0.206848 0.0371094 0.0472412 0.873047
0 0.612305 0.937988 0.0458984 0.0537109 0.868652
0 0.683594 0.271973 0.0410156 0.0473633 0.840332
0 0.727539 0.821777 0.0351562 0.0410156 0.806152
0 0.947754 0.423828 0.0263672 0.0234375 0.798828
0 0.993164 0.472168 0.0136719 0.0410156 0.785645
0 0.359619 0.827637 0.0317383 0.0380859 0.77002
0 0.595215 0.0749512 0.0390625 0.0355225 0.763184
0 0.731445 0.789551 0.0283203 0.03125 0.747559
0 0.923828 0.174927 0.0302734 0.036377 0.722168
0 0.76709 0.836914 0.0390625 0.015625 0.69043
0 0.578125 0.0942383 0.0341797 0.0205078 0.671387
1 0.54541 0.699219 0.0332031 0.03125 0.662109
0 0.708008 0.500488 0.0195312 0.0302734 0.625
0 0.433105 0.819336 0.0268555 0.0351562 0.611816
0 0.707031 0.323975 0.0205078 0.0219727 0.572266
1 0.663574 0.797852 0.0224609 0.0332031 0.567871
0 0.82373 0.0877991 0.0273438 0.02948 0.563477
0 0.823242 0.156372 0.00878906 0.0339355 0.540527
0 0.930176 0.466187 0.0146484 0.0227051 0.50293
0 0.468872 0.100098 0.0231934 0.0212402 0.493652
0 0.76123 0.436279 0.0263672 0.0263672 0.47168
1 0.683594 0.271973 0.0400391 0.046875 0.456055
1 0.731445 0.789062 0.0283203 0.03125 0.453125
0 0.480469 0.111938 0.0146484 0.0148926 0.436035
0 0.69043 0.505859 0.046875 0.0400391 0.415771
0 0.929199 0.470093 0.0166016 0.0197754 0.307861
0 0.54541 0.699219 0.0332031 0.0302734 0.300537
1 0.595703 0.074585 0.0390625 0.0352783 0.29541
0 0.470215 0.102173 0.0283203 0.0292969 0.275635
0 0.621094 0.580566 0.00878906 0.0126953 0.27002
0 0.679199 0.523438 0.0263672 0.00976562 0.218262
0 0.185181 0.0305023 0.00830078 0.0104065 0.216797
1 0.760742 0.436523 0.0263672 0.0253906 0.213135
0 0.970703 0.435059 0.0195312 0.00976562 0.189575
0 0.939697 0.179688 0.0620117 0.0510254 0.174194
1 0.728516 0.822266 0.0351562 0.0410156 0.167725
0 0.935547 0.461548 0.0244141 0.0310059 0.166992
0 0.467773 0.0918579 0.0253906 0.0335693 0.135742
0 0.924805 0.48291 0.0146484 0.0146484 0.12561
0 0.95459 0.198853 0.0214844 0.0153809 0.115112
0 0.474609 0.802246 0.0185547 0.0205078 0.102356
1 0.706055 0.324219 0.0205078 0.0209961 0.102234
0 0.707031 0.313477 0.0253906 0.0410156 0.100708
0 0.941406 0.44873 0.0175781 0.00927734 0.0935669
0 0.37915 0.806641 0.019043 0.0146484 0.0933838
0 0.906738 0.222656 0.0273438 0.015625 0.0860596
0 0.943359 0.44751 0.0175781 0.0102539 0.0840454
0 0.947266 0.428711 0.0292969 0.0341797 0.0826416
1 0.76709 0.836914 0.0390625 0.015625 0.0806885
0 0.657715 0.020752 0.0253906 0.0379639 0.0756836
0 0.92334 0.484863 0.0117188 0.0107422 0.0748291
0 0.478149 0.800781 0.0222168 0.0224609 0.0703125
1 0.612305 0.937988 0.046875 0.0537109 0.0692749
0 0.471069 0.803711 0.013916 0.0185547 0.0592957
1 0.69043 0.505859 0.046875 0.0400391 0.0582886
1 0.433105 0.819336 0.0268555 0.0351562 0.0545959
0 0.94873 0.439209 0.0292969 0.0263672 0.052124
0 0.96875 0.439453 0.0234375 0.0161133 0.0519409
0 0.672363 0.293213 0.0136719 0.0200195 0.0499878
0 0.709961 0.308105 0.0351562 0.0400391 0.0483398
0 0.728516 0.810547 0.03125 0.0371094 0.04776
1 0.970703 0.435059 0.0195312 0.0102539 0.0470886
0 0.382568 0.806641 0.0258789 0.0166016 0.0462036
0 0.00296021 0.0960388 0.00592041 0.0149536 0.0432129
0 0.828613 0.196655 0.00878906 0.0151367 0.0415955
0 0.996094 0.486816 0.0078125 0.0136719 0.0400391
0 0.938965 0.450195 0.0205078 0.0107422 0.0380859
0 0.0667725 0.139526 0.0134277 0.0126953 0.0377197
1 0.720215 0.290039 0.0498047 0.0449219 0.0370483
0 0.901367 0.0696411 0.0263672 0.0311279 0.0343628
1 0.480957 0.112183 0.0146484 0.0146484 0.0337524
1 0.185181 0.0305023 0.00830078 0.0104065 0.0337219
1 0.95459 0.198853 0.0224609 0.015625 0.0332031
1 0.679688 0.523926 0.0273438 0.0117188 0.0324097
1 0.578125 0.0927124 0.0341797 0.0233154 0.0316772
1 0.359375 0.827637 0.0307617 0.0380859 0.0312042
2 0.797363 0.876953 0.0292969 0.0332031 0.0307007
0 0.931641 0.17627 0.0507812 0.0437012 0.0304413
0 0.510254 0.0794678 0.0117188 0.0179443 0.0302429
0 0.825195 0.157593 0.0107422 0.0334473 0.0270386
0 0.375488 0.807617 0.0146484 0.0136719 0.0270386
0 0.931641 0.143188 0.0107422 0.0234375 0.0253906
1 0.415039 0.800781 0.0458984 0.0488281 0.0250854
1 0.924316 0.174316 0.0302734 0.0358887 0.0248566
1 0.900879 0.20752 0.0390625 0.0478516 0.0248566
0 0.681641 0.0450439 0.0107422 0.0183105 0.0220032
2 0.835449 0.370605 0.0175781 0.019043 0.0203857
0 0.465454 0.086792 0.0183105 0.0251465 0.0194244
1 0.142944 0.220947 0.0739746 0.0688477 0.0188904
1 0.822754 0.0879822 0.0263672 0.0291138 0.0182648
0 0.983398 0.495117 0.0136719 0.0107422 0.0177002
1 0.707031 0.321045 0.0234375 0.0283203 0.016922
1 0.679688 0.523438 0.0234375 0.00878906 0.0163727
1 0.708008 0.500488 0.0195312 0.0302734 0.015686
0 0.536621 0.689941 0.0146484 0.0126953 0.015152
1 0.924805 0.482422 0.015625 0.015625 0.014473
1 0.552734 0.919434 0.0507812 0.0527344 0.0143433
1 0.76123 0.8125 0.0527344 0.0527344 0.0141983
0 0.927734 0.478638 0.0185547 0.0202637 0.0139465
0 0.928711 0.144531 0.0175781 0.0263672 0.0136032
1 0.568359 0.0616455 0.0341797 0.0456543 0.0131607
1 0.715332 0.537109 0.0507812 0.0498047 0.0131226
1 0.728516 0.810547 0.03125 0.0371094 0.0128784
2 0.663574 0.797852 0.0224609 0.0341797 0.0124817
0 0.992188 0.460571 0.0136719 0.0231934 0.012352
0 0.707031 0.334961 0.0205078 0.0415039 0.0121918
0 0.817383 0.0741577 0.015625 0.0141602 0.0118027
2 0.00680542 0.927734 0.0114746 0.015625 0.0117035
0 0.508301 0.0775757 0.0146484 0.0206299 0.0112839
1 0.928711 0.470215 0.0166016 0.0205078 0.0109024
1 0.638184 0.0210266 0.0664062 0.0419312 0.0108871
1 0.391846 0.833984 0.0424805 0.0419922 0.0105209
1 0.939697 0.179688 0.0620117 0.0510254 0.0102692
0 0.908203 0.219788 0.0234375 0.0233154 0.0101547
