0 0.510742 0.246826 0.0410156 0.0415039 0.708008
0 0.709961 0.504883 0.0703125 0.0683594 0.645996
0 0.700195 0.548828 0.0673828 0.0488281 0.331299
1 0.511719 0.246826 0.0390625 0.0410156 0.182129
2 0.378662 0.477539 0.0200195 0.0185547 0.160645
2 0.172363 0.471802 0.0244141 0.026123 0.0460815
1 0.709961 0.504883 0.0703125 0.0683594 0.0359497
0 0.734863 0.626465 0.0830078 0.0820312 0.0279083
0 0.73877 0.504395 0.0253906 0.0585938 0.0277863
2 0.357422 0.45459 0.0141602 0.0151367 0.0222321
2 0.377686 0.44458 0.0126953 0.0146484 0.0198364
1 0.69873 0.549316 0.0625 0.0488281 0.019577
0 0.685547 0.54541 0.0361328 0.0410156 0.0186157
0 0.31958 0.681641 0.0146484 0.0166016 0.0150146
2 0.530762 0.0805664 0.0537109 0.0522461 0.0144272
2 0.808594 0.234375 0.0410156 0.0361328 0.0130005
0 0.489258 0.237061 0.0146484 0.0244141 0.0118561
2 0.875488 0.640137 0.0146484 0.0136719 0.0110245
0 0.480469 0.990234 0.0205078 0.0195312 0.0106049
0 0.500977 0.246338 0.0400391 0.043457 0.0106049
