0 0.988281 0.297607 0.0214844 0.0717773 0.828613
0 0.568848 0.636719 0.0878906 0.0673828 0.417236
1 0.616699 0.65625 0.0292969 0.0253906 0.205444
2 0.370605 0.724609 0.0200195 0.0175781 0.175293
1 0.568848 0.637207 0.0859375 0.0664062 0.131714
2 0.0622559 0.722656 0.0263672 0.0224609 0.110413
1 0.37085 0.724609 0.0205078 0.0175781 0.108093
0 0.617676 0.656738 0.0283203 0.0244141 0.0773315
1 0.98877 0.297119 0.0224609 0.0742188 0.0426331
0 0.994141 0.325928 0.0117188 0.0175781 0.035553
2 0.617676 0.65625 0.0283203 0.0253906 0.0289459
0 0.992188 0.324951 0.015625 0.0205078 0.027771
0 0.635742 0.0797119 0.0234375 0.0123291 0.0183411
1 0.994141 0.327393 0.0117188 0.0180664 0.0163269
