0 0.86084 0.595703 0.0439453 0.0400391 0.876953
0 0.644531 0.885254 0.0429688 0.0361328 0.866211
0 0.486816 0.887695 0.0517578 0.0400391 0.851074
0 0.111328 0.794922 0.0292969 0.0234375 0.802246
0 0.623047 0.836914 0.0175781 0.0351562 0.787598
0 0.380615 0.980225 0.0302734 0.0375977 0.512207
1 0.589355 0.968994 0.0185547 0.0151367 0.383301
0 0.589355 0.968506 0.0185547 0.0141602 0.320312
1 0.623047 0.836914 0.0175781 0.0351562 0.193604
0 0.175415 0.831543 0.0153809 0.0117188 0.163452
0 0.612793 0.970459 0.0244141 0.00830078 0.147217
0 0.61084 0.97168 0.0214844 0.0078125 0.0974731
1 0.644531 0.885254 0.0439453 0.0361328 0.0532837
1 0.174805 0.831543 0.015625 0.0117188 0.0492249
0 0.574219 0.897949 0.0341797 0.0166016 0.0455933
2 0.174805 0.831543 0.015625 0.0117188 0.0353088
0 0.387207 0.970459 0.0180664 0.0200195 0.0345764
0 0.615234 0.968994 0.0244141 0.0112305 0.0334167
0 0.620605 0.966553 0.0146484 0.0102539 0.0302734
2 0.589355 0.968506 0.0185547 0.0141602 0.0281219
0 0.138184 0.773438 0.0180664 0.0117188 0.0280762
1 0.111206 0.794922 0.0292969 0.0234375 0.0269318
1 0.143799 0.760254 0.0148926 0.0136719 0.0260315
1 0.941895 0.895996 0.0146484 0.0224609 0.02005
2 0.144043 0.760254 0.0144043 0.0136719 0.019043
0 0.410645 0.943848 0.0341797 0.0341797 0.0174103
1 0.861328 0.595215 0.0439453 0.0400391 0.0154037
0 0.622559 0.964844 0.0126953 0.0117188 0.0148468
1 0.410889 0.942871 0.0351562 0.0332031 0.0130768
2 0.944336 0.4104 0.0253906 0.0268555 0.012558
1 0.487427 0.887695 0.0524902 0.0410156 0.0118027
0 0.373779 0.988281 0.0166016 0.0234375 0.0114136
0 0.649902 0.882324 0.0322266 0.0292969 0.0113525
0 0.499512 0.873047 0.0273438 0.015625 0.0113144
2 0.941895 0.895996 0.0146484 0.0224609 0.0106735
