2 0.794922 0.79248 0.0527344 0.0576172 0.922363
2 0.887695 0.886719 0.0576172 0.0634766 0.918457
1 0.345703 0.37793 0.0390625 0.0458984 0.893066
2 0.729492 0.0143433 0.03125 0.0283203 0.876953
2 0.402344 0.450195 0.0400391 0.0429688 0.869629
0 0.776855 0.86377 0.0361328 0.046875 0.815918
1 0.380127 0.414307 0.0488281 0.0444336 0.78125
2 0.991211 0.88623 0.0175781 0.046875 0.77002
2 0.834961 0.775879 0.0400391 0.0488281 0.760254
2 0.526855 0.660156 0.0195312 0.0234375 0.578613
1 0.236572 0.21814 0.0244141 0.0227051 0.448486
2 0.236572 0.218506 0.0239258 0.0229492 0.430664
1 0.776855 0.86377 0.0371094 0.046875 0.299561
0 0.380371 0.414062 0.0478516 0.0444336 0.190186
2 0.32959 0.446533 0.0317383 0.0180664 0.128784
1 0.79541 0.79248 0.0537109 0.0576172 0.125488
1 0.379883 0.458374 0.0180664 0.0227051 0.0687866
1 0.32959 0.446533 0.0322266 0.0180664 0.0570068
2 0.380127 0.45813 0.0175781 0.0241699 0.0566101
1 0.402344 0.450562 0.0400391 0.0422363 0.0543518
1 0.887695 0.886719 0.0576172 0.0634766 0.0402527
1 0.834473 0.775879 0.0410156 0.0507812 0.0304108
2 0.600586 0.805664 0.0126953 0.015625 0.0298309
2 0.785645 0.0932312 0.0361328 0.0171509 0.0262451
2 0.542969 0.671387 0.0136719 0.0273438 0.0183411
0 0.345703 0.37793 0.0390625 0.0458984 0.0169983
2 0.329834 0.454956 0.0307617 0.0344238 0.0151291
2 0.691895 0.609375 0.0146484 0.0117188 0.0123367
2 0.350586 0.628906 0.015625 0.0146484 0.0112305
0 0.379883 0.45813 0.0180664 0.0222168 0.0109634
1 0.729004 0.0141907 0.0302734 0.0281982 0.0101013
