2 0.519531 0.0866699 0.0439453 0.0439453 0.915527
2 0.492188 0.0731812 0.0429688 0.0452881 0.907227
1 0.63623 0.159424 0.0439453 0.0400391 0.905762
1 0.462891 0.0786743 0.0380859 0.0447998 0.860352
2 0.513184 0.115112 0.0429688 0.0395508 0.830566
1 0.53125 0.181274 0.0263672 0.0327148 0.749512
2 0.524902 0.149536 0.0234375 0.0383301 0.703125
2 0.971436 0.0668945 0.0395508 0.0369873 0.703125
2 0.462891 0.0786743 0.0380859 0.0450439 0.51709
1 0.513672 0.114868 0.0429688 0.0395508 0.313721
2 0.779785 0.229736 0.0117188 0.0185547 0.28833
1 0.489868 0.0746155 0.0427246 0.045105 0.20752
1 0.519531 0.0871277 0.0439453 0.0452271 0.176025
1 0.524414 0.150391 0.0244141 0.0373535 0.155273
2 0.527344 0.121094 0.0234375 0.0283203 0.079834
2 0.525391 0.128906 0.0244141 0.0244141 0.0791626
2 0.422363 0.756348 0.0219727 0.0214844 0.0690918
1 0.534668 0.111572 0.0117188 0.0200195 0.0458374
1 0.526367 0.177002 0.0175781 0.0227051 0.0403748
2 0.524902 0.140869 0.0244141 0.0437012 0.0277405
1 0.526855 0.121338 0.0234375 0.0285645 0.019516
1 0.779785 0.229492 0.0117188 0.0185547 0.0185089
2 0.534668 0.111572 0.0117188 0.0200195 0.01828
2 0.635742 0.159424 0.0439453 0.0402832 0.01828
1 0.533203 0.116089 0.0136719 0.0256348 0.0179443
2 0.629395 0.196289 0.0380859 0.027832 0.0170135
2 0.532227 0.542969 0.0234375 0.0195312 0.0158997
0 0.53125 0.181519 0.0263672 0.032959 0.0146866
2 0.872559 0.851074 0.0185547 0.0322266 0.0144882
2 0.532227 0.182129 0.0273438 0.0327148 0.012764
2 0.533203 0.116089 0.0136719 0.0256348 0.0116425
1 0.541016 0.197388 0.0146484 0.0114746 0.0115051
