1 0.144531 0.882324 0.0444336 0.0400391 0.878906
2 0.744141 0.109253 0.0253906 0.0227051 0.427979
1 0.744141 0.109497 0.0253906 0.0222168 0.394775
1 0.487793 0.46582 0.0078125 0.0302734 0.224609
0 0.144531 0.882324 0.0449219 0.0400391 0.167847
1 0.721191 0.139893 0.0166016 0.026123 0.106873
2 0.941406 0.578613 0.0253906 0.0244141 0.0966187
2 0.721191 0.139771 0.0166016 0.0256348 0.0726318
2 0.137451 0.547363 0.0134277 0.0146484 0.0671387
2 0.989258 0.657715 0.0195312 0.0244141 0.0663452
2 0.72168 0.132568 0.0146484 0.0136719 0.0417175
2 0.112183 0.992188 0.015625 0.015625 0.0401611
2 0.253662 0.406494 0.0131836 0.0107422 0.0388794
0 0.487793 0.46582 0.0078125 0.0302734 0.0272827
2 0.97168 0.642578 0.0117188 0.0146484 0.0254211
2 0.340576 0.836914 0.0141602 0.0107422 0.0242615
1 0.720215 0.143066 0.0126953 0.0192871 0.0234985
2 0.720215 0.143066 0.0126953 0.0192871 0.0232544
2 0.490234 0.548828 0.015625 0.0117188 0.0209961
2 0.984375 0.657715 0.0117188 0.0224609 0.0201874
1 0.487793 0.468262 0.0117188 0.0361328 0.0123901
