1 0.649902 0.494629 0.0292969 0.0292969 0.612305
2 0.650391 0.494629 0.0283203 0.0292969 0.331299
0 0.28833 0.642578 0.11377 0.0419922 0.217041
1 0.291016 0.642578 0.109863 0.0410156 0.162354
0 0.155518 0.989258 0.0229492 0.0195312 0.109985
0 0.15686 0.992188 0.020752 0.015625 0.0880737
1 0.992188 0.511719 0.015625 0.0322266 0.0826416
0 0.992188 0.511719 0.015625 0.0322266 0.081543
1 0.0292969 0.993164 0.041626 0.0117188 0.0655518
0 0.0292969 0.993164 0.041626 0.0117188 0.0402832
0 0.989258 0.555176 0.0175781 0.0214844 0.0336304
0 0.328369 0.943359 0.0371094 0.0458984 0.0306244
1 0.303467 0.640625 0.078125 0.0341797 0.0233307
1 0.024231 0.363525 0.0267334 0.0185547 0.0224457
0 0.00772095 0.986328 0.0152588 0.0253906 0.0206604
0 0.992676 0.506348 0.0146484 0.0205078 0.0193481
1 0.275391 0.643066 0.119629 0.0507812 0.0185242
1 0.992676 0.506348 0.0146484 0.0205078 0.0182648
0 0.155029 0.98291 0.0280762 0.0341797 0.0157318
0 0.992188 0.526367 0.015625 0.0595703 0.0124664
2 0.024231 0.363525 0.0267334 0.0185547 0.0123367
0 0.304199 0.63916 0.0761719 0.0341797 0.0111923
2 0.606445 0.983398 0.0302734 0.03125 0.0106277
0 0.562012 0.986328 0.0253906 0.0253906 0.0103683
