0 0.347656 0.149902 0.0791016 0.0732422 0.938477
0 0.568848 0.795898 0.0771484 0.0917969 0.919922
1 0.750488 0.0726013 0.106445 0.0925903 0.91748
1 0.799805 0.0206299 0.0556641 0.0412598 0.916504
0 0.128906 0.516602 0.0622559 0.0634766 0.915039
0 0.0369263 0.479858 0.071167 0.0744629 0.914551
0 0.583008 0.896973 0.0693359 0.0947266 0.896484
0 0.458496 0.0986328 0.0859375 0.0974121 0.88916
0 0.382812 0.0834045 0.0683594 0.0856323 0.88916
0 0.0805664 0.505371 0.0388184 0.0449219 0.887695
0 0.416992 0.150146 0.0703125 0.074707 0.882812
0 0.667969 0.932617 0.0498047 0.0800781 0.875
0 0.725098 0.0361023 0.0849609 0.0722046 0.867188
0 0.125641 0.450928 0.0734253 0.0649414 0.862305
0 0.522461 0.890137 0.0576172 0.0869141 0.845215
0 0.483276 0.0205231 0.052002 0.0409851 0.844238
0 0.49939 0.785156 0.0949707 0.0898438 0.84375
0 0.650391 0.0378418 0.09375 0.0756836 0.84375
0 0.740723 0.878418 0.0292969 0.0585938 0.841797
0 0.614746 0.619141 0.0585938 0.0566406 0.831543
0 0.303711 0.0797119 0.0927734 0.0888672 0.824707
0 0.707031 0.867188 0.0498047 0.0625 0.824219
0 0.574707 0.0258789 0.0712891 0.0517578 0.813965
0 0.330566 0.498535 0.0332031 0.0449219 0.808594
0 0.708008 0.801758 0.0449219 0.0869141 0.794922
0 0.705566 0.924805 0.0302734 0.0712891 0.776855
1 0.41626 0.828613 0.043457 0.0634766 0.754395
0 0.10083 0.482422 0.0412598 0.0488281 0.750977
0 0.573242 0.549805 0.0380859 0.0449219 0.720215
0 0.248779 0.0243225 0.0551758 0.0477905 0.719238
0 0.491699 0.589355 0.0449219 0.0800781 0.695801
1 0.413086 0.865723 0.0371094 0.03125 0.624512
0 0.716309 0.757324 0.0283203 0.0361328 0.605469
0 0.0091095 0.447632 0.018219 0.0539551 0.557617
0 0.51709 0.655762 0.0390625 0.0302734 0.50293
1 0.520996 0.979492 0.0292969 0.0410156 0.439209
1 0.303711 0.0797729 0.0913086 0.0894775 0.378662
1 0.728027 0.0366211 0.0820312 0.0732422 0.350586
1 0.499512 0.784668 0.0957031 0.0888672 0.278564
1 0.45166 0.654297 0.0605469 0.0527344 0.275879
0 0.609863 0.635742 0.0478516 0.0224609 0.268799
1 0.574707 0.026001 0.0722656 0.052002 0.256592
1 0.458252 0.0979004 0.0844727 0.097168 0.230591
2 0.452026 0.655273 0.0627441 0.0517578 0.221069
1 0.522461 0.890137 0.0576172 0.0859375 0.220581
0 0.0106964 0.498535 0.0213928 0.0527344 0.212036
1 0.417236 0.150146 0.0703125 0.0769043 0.180054
1 0.650879 0.037323 0.0917969 0.074646 0.179932
0 0.520508 0.979248 0.0283203 0.0415039 0.176636
1 0.483887 0.0205078 0.0527344 0.0410156 0.166748
0 0.748535 0.0723419 0.102539 0.0923767 0.143433
1 0.413818 0.85791 0.0424805 0.0498047 0.142334
0 0.481445 0.591309 0.0683594 0.0888672 0.139648
1 0.583008 0.896484 0.0693359 0.0947266 0.111633
0 0.0123291 0.45166 0.024353 0.0566406 0.106567
0 0.529785 0.946289 0.0224609 0.0371094 0.105957
1 0.330566 0.498047 0.0336914 0.0449219 0.104675
1 0.445312 0.84082 0.0292969 0.0263672 0.0979614
0 0.412842 0.866211 0.0375977 0.0302734 0.0847778
1 0.516602 0.655762 0.0390625 0.0302734 0.0834961
0 0.0106506 0.506836 0.0205688 0.0332031 0.0819092
1 0.382568 0.08255 0.0683594 0.0848999 0.0780029
0 0.346436 0.0184631 0.0585938 0.0170288 0.0699463
0 0.416504 0.82666 0.0439453 0.0595703 0.0691528
0 0.101074 0.444092 0.03125 0.0473633 0.0679932
1 0.705566 0.924316 0.0292969 0.0712891 0.0629883
0 0.800293 0.0205383 0.0566406 0.0410767 0.0606689
1 0.0808716 0.505859 0.0389404 0.0439453 0.0589905
0 0.446777 0.840332 0.03125 0.0263672 0.0563965
1 0.494629 0.587402 0.0400391 0.0751953 0.0542908
1 0.0108643 0.502441 0.0214844 0.0419922 0.0534058
1 0.0078125 0.444702 0.0153809 0.0539551 0.0518188
1 0.71582 0.757812 0.0283203 0.0380859 0.0515747
0 0.25293 0.0315704 0.0664062 0.0550232 0.0497131
1 0.529785 0.946289 0.0224609 0.0371094 0.0475769
0 0.532715 0.940918 0.0273438 0.0478516 0.0463867
1 0.741211 0.878906 0.0292969 0.0576172 0.0455933
0 0.535645 0.93457 0.0302734 0.0537109 0.0392761
0 0.523926 0.964111 0.0341797 0.0717773 0.03479
1 0.487305 0.591309 0.0595703 0.0849609 0.0342712
0 0.447998 0.835938 0.0341797 0.0371094 0.0324707
1 0.707031 0.800293 0.0449219 0.0869141 0.0312347
1 0.667969 0.931641 0.0498047 0.078125 0.0274811
1 0.449707 0.647461 0.0517578 0.0400391 0.0274353
1 0.568848 0.794922 0.0761719 0.0927734 0.0265656
1 0.523926 0.966797 0.0302734 0.0664062 0.0251007
1 0.52002 0.993164 0.0244141 0.0136719 0.0249786
1 0.572754 0.549805 0.0371094 0.0449219 0.0248413
1 0.521973 0.988281 0.0244141 0.0234375 0.0240784
1 0.125244 0.450439 0.0725098 0.0639648 0.0215607
1 0.100128 0.442383 0.0282593 0.0439453 0.0194702
1 0.535645 0.93457 0.0302734 0.0537109 0.019165
1 0.290283 0.0163574 0.0361328 0.0327148 0.0190277
0 0.612305 0.633301 0.0556641 0.0302734 0.0187378
1 0.0370331 0.479492 0.0699768 0.0742188 0.0179901
1 0.347168 0.150024 0.0786133 0.0739746 0.0178833
1 0.717773 0.0298462 0.0751953 0.0596924 0.016571
2 0.449951 0.647461 0.0522461 0.0400391 0.0159302
0 0.526855 0.955811 0.0292969 0.059082 0.0145187
1 0.707031 0.867188 0.0498047 0.0625 0.014061
1 0.448242 0.836426 0.0341797 0.0361328 0.0135803
0 0.00973511 0.509277 0.0174561 0.0253906 0.0125961
1 0.422607 0.855469 0.0507812 0.0517578 0.0125885
2 0.966797 0.391113 0.015625 0.0175781 0.0123291
1 0.00973511 0.509277 0.0174561 0.0253906 0.0114594
0 0.710449 0.815918 0.0390625 0.0615234 0.0113297
1 0.523438 0.994629 0.0195312 0.0107422 0.0108414
