0 0.893555 0.963623 0.0439453 0.0493164 0.903809
0 0.779785 0.96875 0.0341797 0.0410156 0.688477
0 0.800293 0.989258 0.0195312 0.0214844 0.228271
0 0.798828 0.984375 0.0224609 0.03125 0.161865
0 0.800781 0.993164 0.0166016 0.0136719 0.121948
1 0.893555 0.963623 0.0449219 0.0493164 0.0623779
1 0.800781 0.993164 0.0166016 0.0136719 0.0292358
1 0.779785 0.968506 0.0332031 0.0395508 0.0203705
1 0.800293 0.988281 0.0195312 0.0234375 0.0184326
1 0.802246 0.995117 0.015625 0.00976562 0.0154953
0 0.802246 0.995117 0.015625 0.00976562 0.015358
0 0.78418 0.973389 0.0410156 0.0512695 0.0100708
