0 0.605957 0.229248 0.0410156 0.0400391 0.916016
0 0.50293 0.215088 0.0478516 0.0449219 0.909668
2 0.594727 0.505859 0.0341797 0.0390625 0.908203
0 0.586914 0.186523 0.0429688 0.0375977 0.900879
2 0.495605 0.335693 0.0371094 0.0395508 0.881836
1 0.850098 0.628906 0.0380859 0.0429688 0.873047
1 0.730469 0.706543 0.0458984 0.0371094 0.854492
2 0.776367 0.884277 0.0332031 0.0380859 0.816895
1 0.687012 0.741211 0.0263672 0.0292969 0.790039
1 0.590332 0.264893 0.03125 0.0351562 0.787109
0 0.429688 0.197998 0.0268555 0.0354004 0.743652
0 0.571289 0.289551 0.0292969 0.0214844 0.66748
0 0.589844 0.264648 0.03125 0.0351562 0.612793
1 0.774902 0.699707 0.0361328 0.0224609 0.511719
1 0.474487 0.42334 0.0305176 0.015625 0.5
2 0.601562 0.794922 0.0185547 0.03125 0.332764
1 0.601562 0.794922 0.0185547 0.03125 0.331055
2 0.830078 0.54834 0.0332031 0.0214844 0.264648
0 0.123047 0.548828 0.0532227 0.0595703 0.213135
1 0.0886536 0.850098 0.173279 0.198242 0.184814
0 0.474243 0.42334 0.0300293 0.0151367 0.162964
2 0.849609 0.629395 0.0390625 0.0429688 0.139282
1 0.605957 0.229248 0.0419922 0.0395508 0.136841
1 0.100952 0.835938 0.201904 0.260742 0.115051
1 0.571289 0.290039 0.0292969 0.0224609 0.0893555
2 0.739746 0.763184 0.00878906 0.0332031 0.0764771
0 0.432129 0.201416 0.0214844 0.0266113 0.0679321
1 0.495605 0.335693 0.0371094 0.0400391 0.0591736
0 0.774902 0.699707 0.0371094 0.0224609 0.0461731
1 0.429199 0.197632 0.0268555 0.0356445 0.0411072
1 0.594727 0.505859 0.0351562 0.0390625 0.0384827
1 0.776855 0.674316 0.0478516 0.0693359 0.0314331
2 0.687012 0.741211 0.0273438 0.0292969 0.0304413
1 0.121704 0.54834 0.0517578 0.0605469 0.0300903
2 0.890625 0.770996 0.0263672 0.0400391 0.0293274
0 0.13501 0.563477 0.0339355 0.0332031 0.0271301
0 0.11377 0.541504 0.0327148 0.0439453 0.0226135
2 0.474731 0.423096 0.0300293 0.0151367 0.0209351
1 0.554688 0.286865 0.0107422 0.0180664 0.0199127
2 0.731445 0.706543 0.0458984 0.0380859 0.0175934
0 0.130249 0.560547 0.045166 0.0400391 0.0164948
2 0.774902 0.699707 0.0371094 0.0224609 0.0153198
0 0.554688 0.286865 0.0107422 0.0180664 0.0147476
1 0.586914 0.186279 0.0439453 0.0375977 0.0136566
1 0.50293 0.214966 0.0488281 0.0441895 0.0132141
1 0.891113 0.770996 0.0263672 0.0390625 0.0121384
1 0.13501 0.563477 0.0339355 0.0332031 0.0120926
1 0.0870361 0.792969 0.174072 0.239258 0.0115814
0 0.687012 0.741211 0.0273438 0.0292969 0.0114517
1 0.140137 0.837402 0.280273 0.288086 0.0110931
