1 0.478027 0.624512 0.0849609 0.0791016 0.950195
2 0.479004 0.927246 0.0693359 0.0664062 0.941895
2 0.143677 0.831055 0.0646973 0.0693359 0.931641
2 0.126587 0.711914 0.0554199 0.0703125 0.928711
2 0.58252 0.638184 0.0693359 0.0683594 0.913086
0 0.572266 0.150269 0.0683594 0.0292969 0.773438
0 0.930176 0.326904 0.0458984 0.0932617 0.73877
2 0.483032 0.671387 0.0808105 0.0517578 0.73877
1 0.482788 0.669434 0.0793457 0.0566406 0.566406
1 0.929688 0.326904 0.0449219 0.0922852 0.107117
1 0.571289 0.151367 0.0693359 0.0297852 0.103821
1 0.478516 0.927246 0.0703125 0.0664062 0.0570984
2 0.110718 0.744629 0.0332031 0.0400391 0.0527039
2 0.548828 0.894531 0.0351562 0.0253906 0.0495911
1 0.4823 0.654297 0.083252 0.0878906 0.0467224
2 0.146851 0.794922 0.0515137 0.0332031 0.0466919
2 0.14856 0.174438 0.0358887 0.013916 0.0466919
2 0.477905 0.625 0.0871582 0.0810547 0.0292358
1 0.583008 0.637695 0.0683594 0.0693359 0.0272675
1 0.143433 0.833008 0.0654297 0.0673828 0.021347
2 0.113525 0.752441 0.0288086 0.0273438 0.0207062
2 0.116089 0.888672 0.019043 0.0341797 0.0195465
1 0.126831 0.710938 0.0554199 0.0693359 0.0168762
2 0.0685425 0.696289 0.0308838 0.0361328 0.0152893
2 0.0374908 0.993164 0.0275574 0.0136719 0.0147247
1 0.923828 0.00767517 0.0253906 0.0153503 0.0118408
1 0.486694 0.653809 0.067627 0.0566406 0.0110321
0 0.478027 0.625 0.0888672 0.0820312 0.0108261
