2 0.562012 0.479492 0.0566406 0.0615234 0.941895
1 0.628906 0.42627 0.0703125 0.0664062 0.938965
1 0.0756836 0.88623 0.0544434 0.0537109 0.933105
1 0.325439 0.755371 0.0400391 0.0439453 0.933105
2 0.610352 0.354492 0.0566406 0.0541992 0.905273
2 0.568848 0.710449 0.0371094 0.0458984 0.869141
2 0.595215 0.688477 0.0498047 0.0478516 0.845703
0 0.395752 0.11499 0.0302734 0.0266113 0.805176
0 0.306885 0.125977 0.0336914 0.0354004 0.787109
0 0.34375 0.139404 0.0390625 0.0444336 0.714844
1 0.30957 0.547852 0.0244141 0.0361328 0.605957
1 0.34375 0.139526 0.0395508 0.0446777 0.498535
1 0.306885 0.125977 0.0341797 0.0356445 0.463867
0 0.309326 0.54834 0.0249023 0.0371094 0.292236
1 0.562012 0.47937 0.0566406 0.060791 0.0503845
1 0.395508 0.115234 0.03125 0.0270996 0.0471802
1 0.568848 0.710449 0.0371094 0.046875 0.0346375
1 0.61084 0.354004 0.0556641 0.0537109 0.0326843
0 0.0612183 0.294434 0.0460205 0.0415039 0.0315857
1 0.595215 0.688965 0.0507812 0.0478516 0.0299072
2 0.321777 0.458862 0.0229492 0.0285645 0.0209808
0 0.0756836 0.886719 0.0546875 0.0537109 0.0150681
0 0.0512695 0.284668 0.0233154 0.027832 0.0139236
2 0.628906 0.42627 0.0703125 0.0649414 0.0128632
0 0.404785 0.55957 0.0166016 0.0117188 0.0126648
0 0.628906 0.42627 0.0703125 0.0649414 0.0105667
2 0.325195 0.755371 0.0415039 0.0439453 0.0104752
