0 0.736816 0.210327 0.0732422 0.0588379 0.960449
0 0.518066 0.368652 0.0742188 0.0849609 0.937988
0 0.238281 0.731934 0.0732422 0.0791016 0.920898
0 0.264404 0.791504 0.0649414 0.0644531 0.911621
0 0.267822 0.883789 0.0566406 0.0849609 0.908691
0 0.502441 0.74707 0.046875 0.0664062 0.897461
0 0.414795 0.947021 0.0737305 0.0766602 0.896973
0 0.352295 0.610352 0.0820312 0.0742188 0.891602
0 0.589355 0.252686 0.0634766 0.0688477 0.888672
0 0.474609 0.78125 0.0625 0.0566406 0.884277
0 0.506348 0.638672 0.0556641 0.078125 0.883301
0 0.215698 0.864746 0.0646973 0.0800781 0.879883
0 0.338135 0.567871 0.0756836 0.0722656 0.867676
0 0.479858 0.691895 0.0549316 0.0585938 0.86377
0 0.369629 0.671387 0.0361328 0.0517578 0.85791
0 0.383057 0.507812 0.0361328 0.0488281 0.857422
0 0.396484 0.813965 0.0361328 0.0458984 0.830078
0 0.236328 0.925293 0.0688477 0.0556641 0.80127
0 0.413818 0.462158 0.0595703 0.0766602 0.800781
0 0.389404 0.768066 0.0253906 0.0361328 0.786133
0 0.538574 0.286865 0.0615234 0.0605469 0.779297
0 0.302734 0.79248 0.0317383 0.0429688 0.75293
0 0.375244 0.945557 0.0273438 0.0639648 0.745605
0 0.605469 0.614258 0.0361328 0.0478516 0.678711
0 0.508789 0.805664 0.03125 0.0546875 0.640625
0 0.461914 0.734375 0.0332031 0.0400391 0.621094
0 0.536621 0.235779 0.0576172 0.0523682 0.437744
0 0.629395 0.633301 0.0253906 0.0478516 0.416016
0 0.683105 0.394531 0.0351562 0.0458984 0.394531
0 0.656738 0.461792 0.0175781 0.0305176 0.319824
1 0.385254 0.717773 0.0234375 0.0175781 0.200073
0 0.385254 0.717773 0.0224609 0.0175781 0.188965
1 0.446777 0.810059 0.0185547 0.0341797 0.185913
0 0.702148 0.320557 0.0332031 0.0737305 0.180542
0 0.677246 0.4021 0.0234375 0.0322266 0.175659
0 0.447266 0.800293 0.0205078 0.0537109 0.173218
1 0.445557 0.801758 0.0175781 0.0488281 0.171875
0 0.384766 0.83252 0.0146484 0.0175781 0.160645
0 0.513184 0.305664 0.0478516 0.0620117 0.157104
0 0.520996 0.69873 0.0214844 0.0371094 0.147461
0 0.375244 0.931152 0.0244141 0.0419922 0.125366
1 0.237061 0.731445 0.0712891 0.078125 0.0911255
0 0.625488 0.581543 0.0478516 0.0380859 0.0887451
0 0.631348 0.652832 0.0234375 0.0556641 0.083252
0 0.220215 0.90918 0.043457 0.0234375 0.0828857
0 0.509766 0.267334 0.0292969 0.0405273 0.0775146
1 0.370361 0.671387 0.0351562 0.0498047 0.0709229
0 0.616699 0.571777 0.0332031 0.0195312 0.0700684
1 0.415283 0.946777 0.074707 0.0751953 0.065979
1 0.413818 0.460083 0.0581055 0.0739746 0.0614319
0 0.446777 0.810059 0.0185547 0.0341797 0.0595093
0 0.654785 0.47522 0.0214844 0.0563965 0.0539551
0 0.504883 0.294678 0.0351562 0.0737305 0.0534973
0 0.401123 0.833008 0.0239258 0.0126953 0.0520325
0 0.67627 0.110443 0.0615234 0.0491333 0.0500488
0 0.503906 0.817383 0.0224609 0.0361328 0.04422
0 0.375732 0.996582 0.019043 0.00683594 0.0386353
0 0.632812 0.620605 0.0185547 0.0205078 0.0369873
0 0.630859 0.64209 0.0263672 0.0664062 0.0358887
0 0.401367 0.827148 0.0258789 0.0253906 0.0343933
1 0.303223 0.791992 0.03125 0.0419922 0.0338745
1 0.737305 0.209717 0.0732422 0.0600586 0.0336609
0 0.509277 0.791504 0.0292969 0.0263672 0.0319824
1 0.508789 0.805664 0.03125 0.0546875 0.0315552
1 0.474976 0.78125 0.0627441 0.0566406 0.0307007
1 0.38916 0.768066 0.0253906 0.0371094 0.0284729
1 0.448486 0.799316 0.0258789 0.0517578 0.0280151
1 0.644043 0.525879 0.0302734 0.0341797 0.0279694
0 0.377686 0.700684 0.0117188 0.0175781 0.026413
1 0.267822 0.884766 0.0585938 0.0849609 0.0262451
0 0.495605 0.197266 0.0341797 0.034668 0.0260162
1 0.588379 0.253174 0.0595703 0.0688477 0.0258026
1 0.375732 0.996582 0.019043 0.00683594 0.0256958
0 0.499023 0.394531 0.0410156 0.034668 0.023819
1 0.338135 0.567383 0.0751953 0.0722656 0.0221558
0 0.460083 0.742188 0.0358887 0.0517578 0.0215759
1 0.518066 0.368896 0.0742188 0.0849609 0.0212097
1 0.21582 0.864258 0.0634766 0.0800781 0.0206909
0 0.616699 0.581055 0.0390625 0.0371094 0.0200195
2 0.495605 0.197266 0.0341797 0.034668 0.0186157
0 0.70166 0.307861 0.0253906 0.0454102 0.0181732
1 0.236328 0.925293 0.0688477 0.0556641 0.0177917
0 0.518555 0.697754 0.0351562 0.0429688 0.0176849
0 0.383545 0.82666 0.0136719 0.0273438 0.0171051
0 0.613281 0.626465 0.0576172 0.0693359 0.0169067
0 0.444336 0.966553 0.0195312 0.0297852 0.0167542
0 0.524414 0.230469 0.0341797 0.0415039 0.0164337
1 0.628906 0.582031 0.0429688 0.0371094 0.0156708
0 0.699219 0.354248 0.0419922 0.0571289 0.0155869
1 0.263428 0.79248 0.0668945 0.0644531 0.0147934
2 0.403076 0.134033 0.012207 0.0134277 0.0147705
1 0.375977 0.94458 0.027832 0.0639648 0.0141144
1 0.618164 0.570312 0.0302734 0.0166016 0.0131531
1 0.631836 0.652344 0.0234375 0.0556641 0.0129318
1 0.396484 0.814941 0.0366211 0.0458984 0.0128937
0 0.525391 0.697266 0.0175781 0.0390625 0.0128632
0 0.227539 0.815918 0.0205078 0.0195312 0.0128326
0 0.631348 0.623047 0.0205078 0.0283203 0.0125809
0 0.492065 0.297363 0.0686035 0.0839844 0.0117722
0 0.518066 0.263428 0.0449219 0.0493164 0.0117416
1 0.502441 0.747559 0.046875 0.0644531 0.0116348
0 0.603516 0.606934 0.0332031 0.0361328 0.0112915
0 0.549316 0.229553 0.0302734 0.0360107 0.0111618
1 0.65625 0.460571 0.0175781 0.0300293 0.0105515
2 0.64502 0.526367 0.0292969 0.0341797 0.0105133
