2 0.485352 0.52002 0.0478516 0.0507812 0.897949
2 0.52832 0.542969 0.0400391 0.0410156 0.866699
2 0.444336 0.444336 0.0410156 0.0444336 0.854004
2 0.708984 0.544922 0.0332031 0.0371094 0.778809
2 0.458496 0.544922 0.0371094 0.0322266 0.751465
2 0.953857 0.311279 0.0375977 0.0405273 0.683594
2 0.703613 0.614746 0.0263672 0.0253906 0.533691
1 0.45874 0.544922 0.0395508 0.03125 0.0356445
2 0.461548 0.540039 0.0378418 0.0224609 0.0341187
1 0.484741 0.52002 0.0471191 0.0498047 0.0240021
2 0.468628 0.568359 0.0217285 0.0166016 0.0232391
1 0.528809 0.542969 0.0400391 0.0410156 0.0196381
2 0.467163 0.541992 0.0275879 0.0263672 0.0102768
