1 0.938965 0.486938 0.0322266 0.0437012 0.899902
1 0.638184 0.970459 0.0576172 0.059082 0.878418
1 0.505371 0.84082 0.0546875 0.0556641 0.836426
1 0.75 0.713867 0.0214844 0.0263672 0.83252
1 0.500488 0.846191 0.0429688 0.0439453 0.154541
0 0.638184 0.970703 0.0576172 0.0585938 0.128784
0 0.501953 0.843262 0.0458984 0.0498047 0.071167
1 0.520996 0.826172 0.0351562 0.0253906 0.0559387
2 0.00738525 0.738281 0.0144653 0.0283203 0.0465698
1 0.525879 0.826172 0.0244141 0.0224609 0.0361023
2 0.0157776 0.90332 0.0126343 0.0175781 0.0270538
0 0.938965 0.486694 0.0322266 0.0432129 0.0253754
2 0.749512 0.713867 0.0214844 0.0263672 0.0230255
2 0.892578 0.827637 0.0146484 0.0244141 0.022995
0 0.501953 0.851074 0.0429688 0.0341797 0.0181885
0 0.749512 0.713867 0.0214844 0.0253906 0.0166016
2 0.47998 0.888672 0.0166016 0.0195312 0.0128098
