0 0.755371 0.76709 0.0439453 0.0439453 0.912598
0 0.611816 0.820312 0.0410156 0.0419922 0.897461
0 0.900391 0.0250244 0.0595703 0.0428467 0.897461
0 0.71582 0.760254 0.0351562 0.0371094 0.888672
0 0.655273 0.0452881 0.0214844 0.0344238 0.888184
0 0.134399 0.974609 0.0578613 0.0488281 0.734863
1 0.57959 0.830566 0.0244141 0.0351562 0.693359
0 0.838867 0.0808411 0.0234375 0.0270386 0.641113
0 0.866211 0.0751343 0.0361328 0.0179443 0.606934
0 0.930176 0.137085 0.03125 0.0183105 0.562012
1 0.134644 0.974609 0.0576172 0.0488281 0.500977
1 0.350098 0.991211 0.0175781 0.0175781 0.407471
1 0.929199 0.136963 0.0302734 0.0185547 0.17627
1 0.866699 0.0748291 0.0361328 0.0170898 0.132446
0 0.580078 0.830566 0.0244141 0.0341797 0.114746
0 0.855469 0.0795898 0.0566406 0.0279541 0.106262
1 0.611816 0.820312 0.0429688 0.0429688 0.0630493
0 0.86084 0.0772705 0.0458984 0.020874 0.0549927
1 0.900391 0.0249023 0.0595703 0.0432129 0.0358887
2 0.350098 0.991211 0.0170898 0.0175781 0.0333557
0 0.35083 0.991211 0.0170898 0.0175781 0.0324097
1 0.838867 0.0808716 0.0224609 0.0267334 0.0281982
2 0.57959 0.82959 0.0244141 0.0322266 0.0192108
1 0.56543 0.825684 0.0419922 0.0302734 0.0190582
1 0.715332 0.760254 0.0361328 0.0380859 0.01828
1 0.755371 0.76709 0.0439453 0.0439453 0.01651
