2 0.54834 0.847656 0.0332031 0.0332031 0.839355
1 0.806641 0.898926 0.0292969 0.0283203 0.820801
1 0.633301 0.724609 0.0263672 0.0332031 0.817383
1 0.58252 0.710449 0.0263672 0.0283203 0.804688
1 0.797852 0.859375 0.0371094 0.0390625 0.790039
2 0.644043 0.837891 0.0322266 0.0322266 0.773926
1 0.709473 0.802246 0.0253906 0.0302734 0.747559
1 0.691895 0.862793 0.0273438 0.0322266 0.743164
0 0.623535 0.692871 0.0283203 0.0332031 0.710938
1 0.6875 0.797363 0.0205078 0.0263672 0.639648
1 0.671875 0.76709 0.0341797 0.0244141 0.628418
1 0.695312 0.828613 0.0361328 0.0371094 0.621582
1 0.604004 0.706543 0.0185547 0.0234375 0.57959
1 0.913574 0.839355 0.0273438 0.0341797 0.575195
2 0.771484 0.891602 0.0214844 0.0283203 0.573242
2 0.421387 0.429688 0.0283203 0.03125 0.566406
2 0.695801 0.828613 0.0361328 0.0380859 0.540039
2 0.604492 0.706543 0.0195312 0.0224609 0.330078
1 0.771484 0.891113 0.0224609 0.0302734 0.307617
2 0.874512 0.465454 0.015625 0.0241699 0.302734
2 0.574707 0.655273 0.015625 0.0244141 0.282227
0 0.913574 0.839355 0.0273438 0.0341797 0.223145
1 0.623047 0.692871 0.0273438 0.0322266 0.203247
2 0.85498 0.456787 0.0195312 0.0234375 0.17041
1 0.421143 0.429688 0.0288086 0.0302734 0.117859
0 0.633789 0.725098 0.0263672 0.0341797 0.113953
2 0.691895 0.862793 0.0283203 0.0322266 0.101074
1 0.643555 0.837891 0.0322266 0.0322266 0.0893555
2 0.806641 0.898926 0.0292969 0.0292969 0.0701294
2 0.581055 0.601074 0.0214844 0.0253906 0.057251
2 0.661133 0.766602 0.0136719 0.0224609 0.0488281
0 0.797852 0.859375 0.0371094 0.0390625 0.0442505
0 0.58252 0.709961 0.0263672 0.0292969 0.0420227
1 0.54834 0.847656 0.0341797 0.0332031 0.0357056
2 0.581543 0.710449 0.0253906 0.0283203 0.0330811
2 0.671875 0.76709 0.0332031 0.0253906 0.0325012
0 0.6875 0.797363 0.0214844 0.0263672 0.0324402
0 0.709961 0.802734 0.0244141 0.0302734 0.0271301
1 0.574707 0.655273 0.015625 0.0244141 0.0231476
0 0.672363 0.766602 0.0341797 0.0253906 0.0220032
1 0.581055 0.601074 0.0214844 0.0253906 0.0201416
1 0.874512 0.465332 0.0166016 0.0244141 0.0194092
2 0.541992 0.756836 0.0195312 0.0175781 0.0185699
1 0.661621 0.766602 0.0146484 0.0224609 0.0178833
2 0.709961 0.802246 0.0244141 0.0302734 0.0166779
0 0.691406 0.862793 0.0283203 0.0322266 0.0142517
0 0.806152 0.898926 0.0292969 0.0292969 0.0140305
2 0.813477 0.91748 0.0175781 0.0146484 0.0139465
2 0.633301 0.724609 0.0273438 0.0332031 0.0136108
0 0.604492 0.706055 0.0195312 0.0234375 0.0133057
2 0.687012 0.797363 0.0214844 0.0273438 0.0131302
