2 0.0928345 0.0904846 0.0469971 0.0460815 0.885254
2 0.188232 0.0722961 0.0478516 0.043396 0.882812
2 0.863281 0.96167 0.0478516 0.043457 0.832031
1 0.1427 0.0529785 0.0561523 0.0488281 0.597656
0 0.1427 0.0527344 0.0566406 0.0472412 0.586426
1 0.133545 0.0178986 0.0332031 0.0289001 0.376709
2 0.133789 0.0179138 0.03125 0.0282593 0.351318
2 0.239502 0.549805 0.0297852 0.0449219 0.253174
1 0.092804 0.0905457 0.0473022 0.0459595 0.0641479
1 0.188843 0.0720825 0.048584 0.0435791 0.0603333
1 0.862793 0.962158 0.0478516 0.0444336 0.0534668
0 0.123169 0.0583496 0.0195312 0.0506592 0.0358887
2 0.916992 0.978271 0.0292969 0.0258789 0.034668
1 0.123291 0.0584106 0.0195312 0.0499268 0.0152817
