2 0.499023 0.844238 0.0302734 0.0371094 0.851074
2 0.483398 0.783691 0.0273438 0.03125 0.767578
2 0.357666 0.922363 0.0297852 0.0322266 0.352051
1 0.357422 0.921875 0.0302734 0.0322266 0.258789
0 0.493652 0.984375 0.0214844 0.0214844 0.192871
2 0.110474 0.743164 0.0202637 0.0263672 0.192383
1 0.493652 0.984375 0.0214844 0.0214844 0.174194
2 0.904297 0.828613 0.0107422 0.0146484 0.0633545
0 0.437012 0.270996 0.0253906 0.0249023 0.0522461
2 0.408936 0.845215 0.0185547 0.0244141 0.0476685
2 0.780273 0.344971 0.0263672 0.0297852 0.0281067
2 0.576172 0.830566 0.0146484 0.0146484 0.021759
2 0.830078 0.369629 0.0351562 0.0297852 0.0193634
2 0.318115 0.182007 0.015625 0.0151367 0.0184479
1 0.324463 0.180298 0.0302734 0.0236816 0.0178375
2 0.532715 0.84082 0.0146484 0.0126953 0.0141525
2 0.117065 0.745605 0.0114746 0.0195312 0.0117645
2 0.323975 0.18103 0.0273438 0.0209961 0.0116959
2 0.861816 0.676758 0.0214844 0.0205078 0.0116882
2 0.534668 0.825195 0.0371094 0.0166016 0.011528
1 0.48291 0.783691 0.0273438 0.03125 0.0103226
