0 0.206482 0.580078 0.0635986 0.0683594 0.941406
1 0.104523 0.671387 0.0570679 0.0537109 0.93457
1 0.0439453 0.631348 0.05896 0.0302734 0.883301
0 0.134766 0.540039 0.046875 0.0527344 0.874023
0 0.989258 0.522949 0.0214844 0.0302734 0.821777
1 0.664062 0.958984 0.0351562 0.0253906 0.813477
0 0.119751 0.611328 0.0473633 0.0351562 0.77002
1 0.0947266 0.57666 0.0598145 0.0634766 0.762207
1 0.0721436 0.67041 0.0321045 0.046875 0.754395
1 0.994141 0.848633 0.0117188 0.0322266 0.733887
0 0.148682 0.670898 0.0488281 0.0566406 0.670898
1 0.171265 0.588867 0.03125 0.0429688 0.640137
1 0.0779724 0.633789 0.0491333 0.0380859 0.604004
1 0.637207 0.955078 0.0136719 0.0253906 0.603027
1 0.0655823 0.512207 0.0617065 0.0800781 0.580566
0 0.0651855 0.512207 0.0620117 0.0810547 0.549316
1 0.00717163 0.640137 0.0143433 0.0341797 0.510742
1 0.652344 0.934082 0.03125 0.0273438 0.50293
2 0.899414 0.723633 0.0244141 0.0283203 0.48877
0 0.652832 0.934082 0.03125 0.0273438 0.412354
1 0.148804 0.671387 0.050293 0.0566406 0.344727
0 0.0726624 0.482544 0.0455933 0.0300293 0.321289
1 0.119995 0.611328 0.0471191 0.0341797 0.306641
0 0.0947266 0.577148 0.0598145 0.0625 0.246094
0 0.00718689 0.641113 0.0143738 0.0371094 0.20459
0 0.170288 0.588867 0.0302734 0.0439453 0.167725
1 0.206421 0.580566 0.0651855 0.0664062 0.165161
0 0.0772705 0.633789 0.0510254 0.0371094 0.127075
0 0.0714111 0.670898 0.0317383 0.0458984 0.102051
2 0.362793 0.740234 0.0449219 0.0410156 0.0821533
1 0.0705872 0.481567 0.046814 0.0300293 0.0689087
0 0.104095 0.670898 0.055481 0.0537109 0.0629272
0 0.637207 0.955078 0.0136719 0.0244141 0.0601501
1 0.0071106 0.648438 0.0142212 0.0498047 0.055603
1 0.650879 0.954102 0.0292969 0.0175781 0.0534668
1 0.658691 0.957031 0.0351562 0.0214844 0.0502625
0 0.00798035 0.649902 0.0159607 0.0478516 0.0502014
2 0.0435181 0.631348 0.0588379 0.0302734 0.030838
0 0.664551 0.959229 0.0332031 0.0268555 0.0298767
2 0.930176 0.687988 0.0205078 0.0263672 0.0283356
2 0.994141 0.849121 0.0117188 0.03125 0.0274811
0 0.00579834 0.661621 0.0115967 0.0244141 0.0216675
0 0.0435181 0.631348 0.0588379 0.0302734 0.0208435
1 0.165771 0.57959 0.0231934 0.0263672 0.0201874
0 0.00613403 0.327637 0.0105591 0.0244141 0.02005
0 0.0692444 0.48877 0.0541382 0.0419922 0.0168304
1 0.989258 0.522461 0.0195312 0.0292969 0.0161133
2 0.63623 0.955078 0.0126953 0.0263672 0.0144958
2 0.62793 0.552734 0.0166016 0.0273438 0.0131073
1 0.652832 0.995605 0.0224609 0.00878906 0.0120773
2 0.652832 0.995605 0.0224609 0.00878906 0.0119629
1 0.134766 0.539551 0.0471191 0.0517578 0.0115662
0 0.0645752 0.47998 0.0505371 0.0263672 0.0108719
1 0.657227 0.994629 0.0136719 0.0107422 0.0102615
