0 0.0968018 0.669922 0.0249023 0.0390625 0.754395
1 0.0965576 0.669922 0.0253906 0.0390625 0.417969
2 0.161377 0.876953 0.0148926 0.0146484 0.0944214
2 0.00473022 0.432617 0.00946045 0.0356445 0.0825195
1 0.00276184 0.799316 0.00552368 0.0136719 0.0296783
2 0.166992 0.891113 0.0112305 0.0146484 0.0251465
1 0.161377 0.876953 0.015625 0.0146484 0.0208893
1 0.166992 0.891113 0.0112305 0.0146484 0.0173798
2 0.00276184 0.799316 0.00552368 0.0136719 0.0142517
1 0.00471497 0.435059 0.00942993 0.0366211 0.0109406
