2 0.181763 0.0808105 0.0305176 0.0378418 0.654785
2 0.358887 0.531738 0.0219727 0.0205078 0.643555
2 0.0110474 0.0922852 0.020874 0.0378418 0.564453
2 0.176025 0.0756836 0.020752 0.0279541 0.281982
2 0.142578 0.106079 0.0209961 0.0222168 0.262695
2 0.381836 0.509277 0.0151367 0.0166016 0.244873
2 0.366699 0.512207 0.012207 0.0146484 0.209961
2 0.214844 0.020752 0.0424805 0.0240479 0.165039
2 0.36499 0.513672 0.0136719 0.0146484 0.041748
1 0.181396 0.0794678 0.0305176 0.0358887 0.0215607
1 0.174194 0.0744019 0.0192871 0.0240479 0.0136261
2 0.375732 0.506836 0.027832 0.0244141 0.0133133
2 0.140869 0.101318 0.0209961 0.0249023 0.0117035
1 0.0130615 0.554199 0.0210571 0.015625 0.0108261
