0 0.696289 0.31665 0.0283203 0.0297852 0.913574
0 0.632812 0.329102 0.0263672 0.0297852 0.879395
0 0.898926 0.295166 0.0273438 0.0263672 0.842773
0 0.683594 0.199951 0.0322266 0.0302734 0.840332
1 0.916016 0.147095 0.0371094 0.0361328 0.833984
0 0.500488 0.54248 0.0283203 0.0283203 0.831543
0 0.770508 0.207458 0.03125 0.0372314 0.817871
0 0.472778 0.544434 0.0280762 0.0302734 0.777832
1 0.875977 0.240479 0.0283203 0.0307617 0.739258
0 0.79248 0.150757 0.0185547 0.0378418 0.706543
0 0.936035 0.36499 0.0302734 0.0336914 0.655762
1 0.903809 0.1698 0.03125 0.0305176 0.646484
0 0.649902 0.324463 0.0136719 0.0297852 0.645996
0 0.672363 0.314697 0.0224609 0.0170898 0.612793
0 0.469238 0.597656 0.0234375 0.0283203 0.594727
0 0.947266 0.276123 0.0253906 0.0361328 0.552734
0 0.95874 0.138306 0.0297852 0.0324707 0.540527
0 0.913086 0.478027 0.0253906 0.0292969 0.515137
2 0.519043 0.530273 0.0234375 0.0263672 0.508789
0 0.916504 0.245117 0.0234375 0.0244141 0.507812
0 0.969727 0.663086 0.0195312 0.03125 0.44165
1 0.936523 0.36499 0.0302734 0.0332031 0.426758
0 0.692383 0.218689 0.0166016 0.0250244 0.424072
0 0.919922 0.461792 0.0410156 0.060791 0.418701
0 0.903809 0.169678 0.0322266 0.0305176 0.382812
0 0.916016 0.14624 0.0371094 0.0356445 0.381836
1 0.691895 0.219238 0.0166016 0.0244141 0.372314
0 0.878906 0.21167 0.0185547 0.0229492 0.364014
1 0.408691 0.64209 0.0258789 0.0273438 0.353027
0 0.958496 0.257812 0.015625 0.0258789 0.300293
0 0.958984 0.130615 0.0292969 0.0180664 0.273438
1 0.879395 0.212036 0.0185547 0.0222168 0.25293
1 0.468628 0.597656 0.0217285 0.0283203 0.23645
0 0.885742 0.212219 0.0205078 0.0218506 0.233765
1 0.921387 0.462524 0.0439453 0.0603027 0.224609
0 0.890625 0.178589 0.0175781 0.0270996 0.210693
0 0.893066 0.183472 0.0214844 0.019043 0.208862
0 0.939453 0.155762 0.0371094 0.0163574 0.187134
1 0.500488 0.54248 0.0283203 0.0283203 0.180664
1 0.916016 0.244873 0.0234375 0.0244141 0.168091
1 0.890137 0.175537 0.015625 0.0292969 0.16687
0 0.476074 0.463135 0.0136719 0.0297852 0.160645
1 0.958984 0.256836 0.015625 0.0253906 0.160156
0 0.668457 0.316162 0.03125 0.0234375 0.155151
1 0.47229 0.543945 0.0280762 0.0302734 0.150146
0 0.994141 0.687012 0.0117188 0.0146484 0.146973
0 0.521973 0.530762 0.0302734 0.0263672 0.121582
1 0.666504 0.182251 0.015625 0.0144043 0.114746
1 0.994141 0.687012 0.0117188 0.0146484 0.112549
0 0.407959 0.64209 0.0239258 0.0263672 0.110413
1 0.958984 0.138428 0.0292969 0.0332031 0.0985107
1 0.683105 0.200317 0.0302734 0.029541 0.0983887
1 0.969727 0.663574 0.0195312 0.0302734 0.0975342
0 0.88916 0.212646 0.0185547 0.019043 0.0956421
1 0.885254 0.212097 0.0214844 0.0220947 0.0908813
1 0.898926 0.295166 0.0273438 0.0258789 0.0897827
1 0.476074 0.463257 0.0136719 0.029541 0.0897217
0 0.851562 0.158325 0.0185547 0.0222168 0.0872192
1 0.995605 0.9375 0.00878906 0.0234375 0.0869751
2 0.522949 0.530273 0.0341797 0.0283203 0.0835571
1 0.519043 0.530273 0.0244141 0.0263672 0.0817871
0 0.802246 0.160522 0.0214844 0.0249023 0.0750122
1 0.959473 0.130127 0.0283203 0.0178223 0.0681763
1 0.786133 0.00959778 0.0107422 0.0191956 0.0665894
1 0.937012 0.155518 0.0302734 0.019043 0.06427
1 0.941895 0.154419 0.0322266 0.015625 0.0639038
1 0.913086 0.478638 0.0253906 0.0290527 0.0616455
0 0.666504 0.182129 0.015625 0.0141602 0.0606995
0 0.943359 0.286133 0.015625 0.0180664 0.0602417
0 0.954102 0.260742 0.0214844 0.027832 0.0529175
1 0.910645 0.182129 0.0205078 0.0239258 0.0506287
0 0.943359 0.152466 0.0253906 0.0131836 0.0456238
0 0.876465 0.240479 0.0283203 0.0302734 0.0441284
0 0.901855 0.185181 0.0214844 0.0175781 0.0441284
1 0.88916 0.212769 0.0195312 0.0192871 0.0423889
1 0.473755 0.525879 0.0134277 0.0146484 0.0412903
0 0.777344 0.213318 0.0195312 0.026001 0.0411377
1 0.947754 0.276123 0.0273438 0.0361328 0.039917
1 0.995117 0.96875 0.00976562 0.0195312 0.0378723
0 0.664551 0.319092 0.0380859 0.0283203 0.036499
1 0.891602 0.180908 0.0195312 0.0214844 0.035553
0 0.477539 0.458008 0.0136719 0.0209961 0.0334473
1 0.953613 0.260742 0.0224609 0.027832 0.0333557
0 0.88916 0.174072 0.0136719 0.0292969 0.0321045
1 0.901855 0.185181 0.0214844 0.0175781 0.029541
0 0.943848 0.289307 0.0146484 0.012207 0.0259094
0 0.791992 0.142578 0.015625 0.0205078 0.0255585
1 0.770508 0.207703 0.03125 0.0377197 0.0255585
0 0.533691 0.535156 0.015625 0.0185547 0.0237885
1 0.851562 0.158447 0.0185547 0.0224609 0.0216827
0 0.647949 0.327148 0.0126953 0.0292969 0.0213165
1 0.943359 0.152466 0.0253906 0.0131836 0.0187988
0 0.995605 0.9375 0.00878906 0.0234375 0.0187378
1 0.791504 0.150635 0.0185547 0.0383301 0.0186462
1 0.696289 0.317139 0.0273438 0.0292969 0.0184326
0 0.910645 0.182129 0.0205078 0.0239258 0.0183563
2 0.666016 0.182007 0.015625 0.0146484 0.018219
2 0.875977 0.240479 0.0283203 0.0302734 0.0180511
0 0.697266 0.198486 0.00976562 0.0244141 0.0168762
1 0.916504 0.437988 0.0185547 0.012207 0.0161591
1 0.632812 0.328613 0.0273438 0.0307617 0.0157318
1 0.533203 0.534668 0.0166016 0.0195312 0.0152283
1 0.929688 0.158081 0.0263672 0.0200195 0.0149002
1 0.916992 0.44043 0.0195312 0.0180664 0.0148697
1 0.478027 0.458252 0.0136719 0.0209961 0.0146866
1 0.649902 0.325195 0.0126953 0.0292969 0.0139236
2 0.408691 0.64209 0.0253906 0.0273438 0.0135803
2 0.533203 0.533203 0.0195312 0.0224609 0.0128784
0 0.901367 0.187622 0.015625 0.013916 0.0125046
0 0.476929 0.597656 0.0187988 0.0283203 0.0123215
0 0.657715 0.322754 0.0351562 0.0322266 0.0119629
0 0.948242 0.151123 0.0322266 0.0227051 0.0115509
0 0.777832 0.218384 0.0146484 0.0134277 0.0114441
0 0.518066 0.530762 0.0205078 0.0244141 0.0107956
2 0.904297 0.169434 0.03125 0.0305176 0.0106659
1 0.526367 0.531738 0.0292969 0.0253906 0.0104675
0 0.473755 0.525879 0.0134277 0.0146484 0.0102539
