2 0.582031 0.411865 0.0400391 0.0405273 0.889648
2 0.666016 0.319824 0.0332031 0.0351562 0.878906
2 0.221741 0.312744 0.0286865 0.0292969 0.833496
2 0.788574 0.231201 0.0351562 0.0351562 0.825195
2 0.780762 0.263672 0.0332031 0.0332031 0.797363
2 0.61377 0.419434 0.0244141 0.034668 0.731934
2 0.231934 0.289795 0.027832 0.0292969 0.697754
2 0.603027 0.692383 0.0273438 0.0263672 0.484863
2 0.628418 0.701172 0.0302734 0.0273438 0.399658
2 0.614258 0.698242 0.03125 0.0273438 0.358398
2 0.64502 0.36792 0.0332031 0.0249023 0.352051
2 0.27124 0.273926 0.0224609 0.0209961 0.229736
2 0.327393 0.0198975 0.0185547 0.0311279 0.129395
2 0.652344 0.36792 0.0205078 0.0253906 0.0767822
2 0.61377 0.650879 0.0273438 0.0292969 0.0429993
2 0.630371 0.658691 0.0185547 0.0224609 0.0395203
2 0.628906 0.655273 0.0224609 0.0283203 0.0280151
2 0.640137 0.366455 0.0253906 0.0219727 0.0236969
2 0.77002 0.182251 0.0371094 0.0429688 0.020752
1 0.789062 0.230957 0.0361328 0.0366211 0.0169983
2 0.693359 0.281982 0.015625 0.0244141 0.0145569
1 0.666016 0.31958 0.0341797 0.0351562 0.0136337
2 0.619141 0.652344 0.0390625 0.0322266 0.0132141
1 0.582031 0.412109 0.0400391 0.0400391 0.0124893
