1 0.583008 0.163452 0.0478516 0.0405273 0.439697
2 0.583008 0.163208 0.0478516 0.0415039 0.0783691
1 0.518066 0.220154 0.0273438 0.03479 0.0383301
1 0.649902 0.910645 0.0244141 0.0244141 0.0316772
2 0.649414 0.910156 0.0244141 0.0244141 0.0243683
2 0.214111 0.947266 0.0185547 0.0126953 0.0183258
2 0.730469 0.996094 0.0205078 0.0078125 0.017395
2 0.518066 0.220154 0.0273438 0.03479 0.0147018
0 0.385742 0.519043 0.00830078 0.00976562 0.0138855
1 0.996094 0.813965 0.0078125 0.0283203 0.0135345
2 0.733398 0.995117 0.0234375 0.00976562 0.0131989
0 0.562012 0.012085 0.0126953 0.0216064 0.0123901
1 0.598633 0.163696 0.0214844 0.0371094 0.0108185
