0 0.698242 0.146362 0.0253906 0.0227051 0.839844
0 0.714355 0.127075 0.0195312 0.0236816 0.730957
1 0.189209 0.14209 0.0246582 0.0334473 0.712402
0 0.778809 0.10437 0.0292969 0.0317383 0.496826
1 0.779297 0.104004 0.0283203 0.03125 0.25
2 0.189575 0.14209 0.0241699 0.0334473 0.0679932
0 0.781738 0.112671 0.0214844 0.0148926 0.052063
0 0.780762 0.109375 0.0244141 0.0205078 0.0480347
2 0.00500488 0.0421143 0.00927734 0.0119629 0.0363464
1 0.698242 0.146484 0.0253906 0.0229492 0.030838
0 0.717285 0.121704 0.0146484 0.0158691 0.030365
1 0.772461 0.0965576 0.0166016 0.0163574 0.0200653
1 0.780762 0.109375 0.0244141 0.0205078 0.0189056
2 0.410156 0.788574 0.0180664 0.0234375 0.0160675
0 0.772461 0.0960388 0.015625 0.0154419 0.0142899
0 0.720215 0.11853 0.0107422 0.0102539 0.0122147
1 0.762695 0.177856 0.0361328 0.041748 0.0108261
1 0.781738 0.112671 0.0214844 0.0148926 0.0105286
