2 0.373535 0.665039 0.0195312 0.015625 0.120361
1 0.373291 0.664551 0.0200195 0.0166016 0.117432
2 0.603027 0.0703125 0.0107422 0.0123291 0.0624695
0 0.0083313 0.387939 0.0162354 0.012207 0.0578613
2 0.606934 0.0842896 0.0126953 0.0167236 0.0552673
2 0.201172 0.639648 0.0288086 0.0380859 0.0527344
2 0.725586 0.327637 0.0224609 0.027832 0.0488586
2 0.769043 0.303223 0.00976562 0.0131836 0.0375977
2 0.777832 0.302734 0.0107422 0.0141602 0.0244293
2 0.0403595 0.61377 0.0225525 0.0273438 0.02388
1 0.00848389 0.387939 0.0166016 0.0126953 0.0172729
2 0.705078 0.074646 0.0146484 0.0330811 0.0135345
2 0.772461 0.315674 0.0136719 0.0126953 0.0111313
2 0.765625 0.341064 0.0126953 0.0239258 0.0109024
