0 0.227295 0.426025 0.0439453 0.0610352 0.27124
1 0.763184 0.643555 0.0947266 0.0537109 0.112366
0 0.173584 0.546875 0.101074 0.124023 0.0736694
0 0.223572 0.535156 0.0367432 0.114258 0.0621643
0 0.208862 0.540039 0.0646973 0.128906 0.0584106
0 0.213684 0.573242 0.0609131 0.100586 0.0531006
0 0.139038 0.875488 0.0227051 0.0546875 0.0491028
2 0.974854 0.726074 0.0307617 0.0224609 0.0256805
0 0.196045 0.309082 0.0244141 0.0532227 0.0199738
1 0.139404 0.876953 0.0222168 0.0556641 0.0183868
0 0.194763 0.543457 0.0762939 0.129883 0.0150528
2 0.763184 0.643555 0.0947266 0.0537109 0.0107727
2 0.729492 0.79248 0.0136719 0.0166016 0.0106049
