2 0.488647 0.512695 0.0637207 0.0644531 0.912598
2 0.765625 0.129395 0.0537109 0.0566406 0.898438
2 0.372803 0.553223 0.0322266 0.0527344 0.877441
1 0.838867 0.748535 0.0722656 0.0546875 0.868652
2 0.753418 0.728027 0.0742188 0.0654297 0.850586
2 0.891113 0.123291 0.0341797 0.0463867 0.800781
2 0.615234 0.0244598 0.0273438 0.0343323 0.768066
1 0.75293 0.728027 0.0742188 0.0664062 0.578125
1 0.638672 0.0705566 0.0478516 0.0155029 0.174194
0 0.839355 0.748535 0.0693359 0.0537109 0.0462036
1 0.891602 0.123657 0.0341797 0.0456543 0.0449219
0 0.638672 0.0705566 0.0478516 0.0155029 0.0420227
1 0.48877 0.512695 0.0634766 0.0625 0.0355225
1 0.765625 0.129395 0.0537109 0.0568848 0.0327454
2 0.825195 0.381836 0.0351562 0.0527344 0.0312805
2 0.838867 0.748535 0.0722656 0.0546875 0.0221405
2 0.524902 0.106323 0.0234375 0.0183105 0.021286
