2 0.588379 0.524902 0.0175781 0.0166016 0.790039
1 0.484863 0.566406 0.0205078 0.0195312 0.773438
2 0.730957 0.444336 0.0175781 0.0185547 0.771484
2 0.711426 0.43335 0.0175781 0.0166016 0.77002
2 0.615723 0.556641 0.015625 0.0185547 0.73584
1 0.720215 0.417236 0.0195312 0.0180664 0.72998
2 0.519043 0.596191 0.0205078 0.0185547 0.717773
2 0.684082 0.445068 0.0166016 0.0151367 0.71582
2 0.767578 0.838867 0.015625 0.0175781 0.689453
1 0.746094 0.417969 0.0195312 0.0185547 0.687988
2 0.545898 0.494141 0.0224609 0.0214844 0.687012
0 0.587891 0.757812 0.015625 0.0166016 0.687012
2 0.702148 0.454834 0.0175781 0.0175781 0.657227
2 0.601562 0.578613 0.0195312 0.0185547 0.656738
2 0.554199 0.524414 0.015625 0.0175781 0.65625
2 0.663086 0.446533 0.0166016 0.0175781 0.625977
1 0.719727 0.455811 0.015625 0.015625 0.587891
2 0.814453 0.329834 0.0185547 0.0200195 0.568848
2 0.689453 0.507812 0.015625 0.0175781 0.523438
2 0.674805 0.504395 0.0175781 0.015625 0.522949
0 0.0617065 0.968994 0.0152588 0.0170898 0.520996
2 0.3125 0.87207 0.019043 0.0214844 0.511719
1 0.702148 0.455078 0.0175781 0.0166016 0.489014
2 0.90332 0.391846 0.0185547 0.0180664 0.476074
2 0.681641 0.506836 0.0263672 0.0185547 0.419678
2 0.581543 0.458252 0.015625 0.0180664 0.389893
0 0.103394 0.970703 0.012207 0.015625 0.374512
0 0.610352 0.759766 0.0146484 0.0166016 0.352783
0 0.233643 0.990234 0.0170898 0.0136719 0.342041
0 0.249268 0.990234 0.012207 0.0117188 0.338623
2 0.591309 0.500488 0.0146484 0.0146484 0.301514
2 0.719727 0.455811 0.0166016 0.0180664 0.292725
1 0.233643 0.990234 0.0166016 0.0136719 0.288818
1 0.683594 0.444824 0.0166016 0.0151367 0.2771
2 0.796387 0.835938 0.015625 0.0195312 0.270752
0 0.60791 0.760742 0.0205078 0.0195312 0.267334
0 0.602051 0.76709 0.0126953 0.0126953 0.23877
0 0.604492 0.758301 0.0175781 0.0166016 0.210815
1 0.730957 0.444092 0.0175781 0.0180664 0.202148
1 0.518555 0.596191 0.0205078 0.0175781 0.192505
2 0.570801 0.592285 0.0107422 0.0185547 0.187256
2 0.660156 0.509766 0.0166016 0.0117188 0.180542
2 0.803223 0.306396 0.0126953 0.0180664 0.180298
2 0.74707 0.418213 0.0205078 0.0195312 0.180054
1 0.581543 0.458496 0.0166016 0.0175781 0.172119
1 0.814453 0.329834 0.0195312 0.0200195 0.152588
0 0.221436 0.969727 0.012207 0.0195312 0.13855
2 0.527832 0.480469 0.0136719 0.0166016 0.133911
1 0.712891 0.432861 0.0166016 0.0180664 0.125122
0 0.601074 0.764648 0.0126953 0.0146484 0.124512
0 0.290283 0.608398 0.0195312 0.0195312 0.110657
2 0.300537 0.867188 0.0117188 0.015625 0.102844
2 0.915039 0.715332 0.0195312 0.0185547 0.102295
0 0.602051 0.756836 0.0136719 0.0136719 0.0901489
0 0.484863 0.566406 0.0195312 0.0195312 0.0762939
0 0.457764 0.993164 0.0126953 0.00976562 0.074707
1 0.457764 0.993164 0.0126953 0.00976562 0.0700073
1 0.29126 0.611328 0.0229492 0.0253906 0.0696411
1 0.249268 0.989258 0.0131836 0.0136719 0.0599365
2 0.854004 0.862305 0.0107422 0.015625 0.0572205
0 0.422363 0.590332 0.0166016 0.0224609 0.0565491
1 0.767578 0.838867 0.015625 0.0175781 0.0554504
2 0.720703 0.416992 0.0185547 0.0180664 0.0549011
1 0.221375 0.969727 0.0128174 0.0195312 0.0473022
0 0.720703 0.416992 0.0185547 0.0180664 0.0472717
2 0.233643 0.990234 0.0161133 0.0136719 0.0417786
1 0.674316 0.503418 0.015625 0.015625 0.040802
2 0.540527 0.493164 0.0166016 0.0205078 0.0367126
1 0.602051 0.578613 0.0205078 0.0195312 0.0361023
1 0.289795 0.607422 0.0195312 0.0166016 0.0332031
1 0.757324 0.893066 0.0136719 0.0195312 0.0328979
1 0.294189 0.616699 0.0175781 0.015625 0.0322876
1 0.3125 0.87207 0.019043 0.0214844 0.0318298
1 0.604492 0.758301 0.0185547 0.0175781 0.0307922
2 0.484863 0.566406 0.0195312 0.0205078 0.0303192
0 0.29126 0.611328 0.0239258 0.0263672 0.0288086
1 0.659668 0.509766 0.0175781 0.0126953 0.0270081
2 0.713867 0.805664 0.0185547 0.0244141 0.0246124
1 0.681641 0.506836 0.0263672 0.0195312 0.0226593
2 0.594238 0.525879 0.0136719 0.015625 0.0218506
2 0.295166 0.617676 0.0166016 0.0136719 0.0210876
1 0.796387 0.835938 0.0166016 0.0195312 0.0202484
1 0.689453 0.507324 0.0146484 0.0175781 0.0188904
1 0.587402 0.757324 0.015625 0.0166016 0.0188293
1 0.300537 0.867188 0.0117188 0.015625 0.0187988
0 0.420898 0.594238 0.012207 0.0166016 0.0183258
2 0.550293 0.510254 0.0146484 0.0126953 0.0182343
2 0.571777 0.537598 0.0166016 0.0136719 0.0166321
1 0.0615845 0.968994 0.0155029 0.0170898 0.0162659
2 0.457764 0.993164 0.0126953 0.00976562 0.0154266
0 0.702148 0.455078 0.0175781 0.0170898 0.0152969
2 0.249268 0.990234 0.012207 0.0117188 0.0151215
2 0.709473 0.435303 0.0175781 0.0175781 0.0148773
1 0.588379 0.524902 0.0175781 0.0166016 0.0145416
0 0.606934 0.775879 0.015625 0.0166016 0.0126114
2 0.491211 0.598145 0.00976562 0.0146484 0.0118713
0 0.719727 0.455811 0.0166016 0.015625 0.0116348
2 0.54834 0.498047 0.0175781 0.0195312 0.0111084
1 0.554199 0.524414 0.015625 0.0175781 0.0109406
2 0.103516 0.970703 0.0124512 0.015625 0.0101471
2 0.972656 0.718262 0.0175781 0.0185547 0.0101471
