1 0.632324 0.462524 0.0566406 0.0544434 0.888672
1 0.653809 0.479492 0.0507812 0.0556641 0.833496
1 0.601562 0.477539 0.0224609 0.0449219 0.750488
1 0.591309 0.403809 0.0566406 0.050293 0.743164
0 0.591309 0.404053 0.0566406 0.050293 0.348389
2 0.65332 0.480103 0.0507812 0.0554199 0.0773926
0 0.653809 0.478882 0.0507812 0.0559082 0.0715332
0 0.602539 0.477539 0.0224609 0.0449219 0.0675049
0 0.632324 0.463135 0.0566406 0.0561523 0.0581055
0 0.722168 0.925781 0.0136719 0.0107422 0.0216827
1 0.670898 0.474487 0.0175781 0.0422363 0.0184631
1 0.624512 0.4646 0.0380859 0.0483398 0.0140381
2 0.601562 0.477539 0.0234375 0.0439453 0.0129166
0 0.671387 0.473145 0.015625 0.0419922 0.0100327
