0 0.480469 0.61084 0.0380859 0.0458984 0.900391
0 0.927734 0.372803 0.0439453 0.0561523 0.899414
1 0.206909 0.187012 0.0305176 0.0322266 0.894531
1 0.177612 0.168091 0.0336914 0.0319824 0.885254
1 0.230164 0.170166 0.0362549 0.0327148 0.878906
1 0.150391 0.128418 0.0356445 0.0332031 0.837402
1 0.592285 0.318848 0.0351562 0.0332031 0.830078
1 0.320557 0.359131 0.0366211 0.0322266 0.823242
1 0.549316 0.42041 0.03125 0.0332031 0.818359
1 0.306396 0.0355377 0.0307617 0.0249939 0.794434
1 0.224548 0.197876 0.0274658 0.026123 0.775391
1 0.273438 0.401367 0.0302734 0.0317383 0.750977
2 0.368652 0.349609 0.0371094 0.0332031 0.749023
1 0.199219 0.144165 0.0351562 0.0307617 0.746582
0 0.422852 0.105133 0.0283203 0.0267944 0.743164
1 0.0439301 0.885254 0.0351868 0.0244141 0.739746
1 0.594238 0.164673 0.0253906 0.027832 0.730469
0 0.348633 0.383789 0.0307617 0.03125 0.727539
1 0.420898 0.273682 0.03125 0.0307617 0.716797
0 0.944824 0.348145 0.0263672 0.050293 0.714355
2 0.689453 0.378662 0.0244141 0.0283203 0.708984
1 0.220947 0.0761719 0.0390625 0.0214844 0.657715
1 0.445312 0.200684 0.0302734 0.0300293 0.611328
1 0.396729 0.356689 0.0307617 0.0214844 0.554199
0 0.971924 0.407227 0.0170898 0.0249023 0.537598
1 0.348145 0.384033 0.0302734 0.0297852 0.522461
1 0.428955 0.138794 0.0307617 0.0292969 0.513184
0 0.445312 0.200806 0.0297852 0.0297852 0.47876
0 0.429199 0.138672 0.0307617 0.0290527 0.477783
1 0.355225 0.237793 0.027832 0.03125 0.448975
0 0.396729 0.356689 0.0307617 0.0214844 0.415039
0 0.390381 0.263672 0.0200195 0.0258789 0.406006
1 0.390137 0.263672 0.0205078 0.0253906 0.373779
0 0.354492 0.237793 0.027832 0.03125 0.367676
1 0.0994568 0.172974 0.0164185 0.0151367 0.356689
1 0.378174 0.125366 0.0209961 0.017334 0.348633
0 0.224854 0.197754 0.0258789 0.0263672 0.295654
1 0.422607 0.105347 0.027832 0.0263672 0.293457
1 0.286377 0.12146 0.0224609 0.0217285 0.286865
1 0.616699 0.17334 0.0273438 0.0166016 0.2771
1 0.389404 0.0663452 0.0283203 0.0303955 0.209717
0 0.370117 0.400391 0.0366211 0.0107422 0.180664
0 0.663086 0.297363 0.0136719 0.0126953 0.178589
0 0.118286 0.151978 0.0180664 0.0151367 0.154907
2 0.147705 0.216492 0.0131836 0.0201416 0.14563
0 0.421387 0.273926 0.03125 0.0307617 0.140259
0 0.942383 0.345215 0.0205078 0.0419922 0.137329
1 0.118286 0.151978 0.0185547 0.0151367 0.133423
2 0.665039 0.378906 0.0234375 0.0219727 0.122559
0 0.375244 0.378662 0.0332031 0.0263672 0.119995
0 0.306152 0.0354462 0.0317383 0.0259094 0.109985
0 0.36377 0.400635 0.0253906 0.0117188 0.106628
0 0.286377 0.12146 0.0219727 0.0217285 0.105286
1 0.147217 0.21582 0.0144043 0.0209961 0.103577
0 0.938965 0.333496 0.015625 0.0229492 0.0985718
0 0.220459 0.0761719 0.0385742 0.0218506 0.0985107
0 0.273193 0.401123 0.0307617 0.0327148 0.0955811
1 0.665527 0.378906 0.0234375 0.0219727 0.0944824
0 0.549316 0.420654 0.03125 0.0327148 0.0928345
0 0.148926 0.177368 0.0148926 0.0163574 0.0842285
1 0.148926 0.17749 0.0153809 0.0166016 0.0841064
1 0.365234 0.400391 0.0283203 0.0112305 0.0802612
2 0.14624 0.212402 0.0170898 0.0292969 0.0772705
2 0.0996094 0.173096 0.0163574 0.0153809 0.0742188
1 0.368652 0.349609 0.0371094 0.0307617 0.0700073
0 0.592285 0.318848 0.0351562 0.0336914 0.0665894
2 0.0443573 0.885254 0.0353088 0.0244141 0.0643921
1 0.97168 0.406982 0.0175781 0.0249023 0.0640259
0 0.206909 0.187012 0.0305176 0.0305176 0.0624695
1 0.689453 0.378662 0.0234375 0.0283203 0.0622253
0 0.320557 0.359131 0.0375977 0.0327148 0.0582275
0 0.764648 0.395508 0.0302734 0.0356445 0.0535278
0 0.17749 0.168213 0.0341797 0.0322266 0.051239
1 0.663574 0.297607 0.0136719 0.012207 0.0418091
0 0.22998 0.169922 0.0356445 0.03125 0.0392456
1 0.375732 0.378418 0.0322266 0.0224609 0.0366516
2 0.378174 0.125366 0.0209961 0.0170898 0.0365906
0 0.616699 0.17334 0.0273438 0.0166016 0.0332642
0 0.199097 0.144653 0.0354004 0.0307617 0.0298615
0 0.594238 0.165039 0.0253906 0.0268555 0.0267792
2 0.220947 0.0761719 0.0385742 0.0217285 0.0263672
0 0.378418 0.12561 0.0214844 0.0168457 0.0262604
1 0.945312 0.3479 0.0263672 0.050293 0.0261841
0 0.368652 0.349609 0.0371094 0.0307617 0.0241699
2 0.389404 0.0662842 0.0288086 0.0306396 0.0240479
1 0.615723 0.179077 0.0283203 0.029541 0.0230408
2 0.594238 0.164551 0.0253906 0.0280762 0.0223236
1 0.14624 0.21228 0.017334 0.0300293 0.021698
1 0.927734 0.373291 0.0439453 0.0556641 0.0211945
0 0.150513 0.128174 0.0366211 0.0332031 0.0209198
1 0.47998 0.610352 0.0390625 0.046875 0.0193481
0 0.349121 0.230957 0.0205078 0.0180664 0.0183868
2 0.616211 0.172363 0.0273438 0.0148926 0.017746
1 0.299805 0.00875854 0.0200195 0.0175171 0.017746
1 0.387451 0.372803 0.0322266 0.0229492 0.016861
1 0.18689 0.138428 0.0144043 0.0195312 0.0167694
1 0.349365 0.231445 0.0209961 0.0185547 0.0163422
2 0.150513 0.128174 0.036377 0.0339355 0.0157471
2 0.118286 0.151978 0.0180664 0.0151367 0.01548
1 0.374023 0.400635 0.0410156 0.0102539 0.0154266
1 0.220215 0.0859375 0.0419922 0.0439453 0.0148544
2 0.199097 0.144043 0.0354004 0.0302734 0.0132065
2 0.286865 0.12146 0.0214844 0.0222168 0.0131302
2 0.40332 0.384277 0.0166016 0.0170898 0.0130157
2 0.663086 0.297363 0.0136719 0.0126953 0.0116043
1 0.148682 0.218933 0.0119629 0.0162354 0.011467
0 0.0439453 0.885254 0.0360107 0.0234375 0.0111542
2 0.549316 0.420654 0.03125 0.0332031 0.011055
0 0.0993652 0.173218 0.0170898 0.0148926 0.010994
1 0.343262 0.229492 0.0166016 0.0146484 0.0102234
1 0.938965 0.333496 0.015625 0.0234375 0.0100555
