2 0.390625 0.620605 0.0424805 0.0498047 0.913086
2 0.702637 0.949219 0.0302734 0.0527344 0.892578
0 0.597656 0.82373 0.0556641 0.0546875 0.861328
1 0.485718 0.666992 0.0510254 0.0410156 0.797363
1 0.533203 0.807617 0.0273438 0.0322266 0.577637
1 0.915039 0.151611 0.0234375 0.0249023 0.4375
1 0.597168 0.823242 0.0576172 0.0556641 0.355469
2 0.48645 0.666992 0.0505371 0.0419922 0.126587
2 0.220215 0.355225 0.0195312 0.0263672 0.102905
0 0.608398 0.824219 0.0332031 0.0527344 0.0613403
0 0.915527 0.151001 0.0234375 0.0266113 0.0553589
2 0.869141 0.00657654 0.0175781 0.0131531 0.0469055
1 0.702148 0.949219 0.0302734 0.0527344 0.0334167
0 0.533203 0.807617 0.0263672 0.03125 0.0218964
1 0.915527 0.141968 0.0253906 0.046875 0.0143509
2 0.915527 0.151001 0.0234375 0.0266113 0.0136337
2 0.533203 0.807617 0.0283203 0.0322266 0.0127563
1 0.390869 0.621094 0.0424805 0.0498047 0.0125275
2 0.499512 0.672363 0.0244141 0.0302734 0.0111084
