0 0.713379 0.304932 0.0419922 0.0444336 0.932617
0 0.690918 0.182861 0.0478516 0.0461426 0.925781
0 0.689453 0.287354 0.0400391 0.0395508 0.918945
0 0.777344 0.230774 0.0429688 0.0443115 0.916016
0 0.732422 0.228516 0.0478516 0.0449219 0.916016
0 0.713867 0.262695 0.0371094 0.0366211 0.912109
0 0.755859 0.263428 0.0410156 0.0371094 0.910645
0 0.972656 0.361572 0.0195312 0.0273438 0.818359
0 0.963867 0.331787 0.0117188 0.0341797 0.77832
0 0.807129 0.235596 0.0185547 0.0219727 0.74707
0 0.761719 0.168213 0.0244141 0.0322266 0.709473
0 0.677734 0.256348 0.0380859 0.0395508 0.695801
1 0.677734 0.256104 0.0380859 0.0395508 0.682617
1 0.604004 0.225342 0.0175781 0.0424805 0.377686
1 0.760742 0.167847 0.0253906 0.0319824 0.177734
1 0.807129 0.235352 0.0175781 0.0224609 0.14563
1 0.0298767 0.520508 0.0130005 0.015625 0.0865479
1 0.97168 0.361816 0.0195312 0.0273438 0.0454102
2 0.475586 0.72998 0.015625 0.0302734 0.0387268
0 0.722168 0.291748 0.0234375 0.0214844 0.0360413
2 0.0298157 0.520508 0.0128784 0.015625 0.0323181
1 0.755859 0.263428 0.0410156 0.0371094 0.0278931
1 0.713379 0.262939 0.0371094 0.0371094 0.0254669
1 0.688965 0.287354 0.0410156 0.0390625 0.0232239
2 0.0897522 0.513672 0.0148315 0.0117188 0.0206909
1 0.964355 0.331055 0.0126953 0.0332031 0.0197144
1 0.603027 0.208191 0.0175781 0.0645752 0.0180817
2 0.604004 0.22583 0.0175781 0.0419922 0.0163879
1 0.777344 0.23053 0.0419922 0.0443115 0.0149536
0 0.718262 0.30249 0.0292969 0.0395508 0.0142288
1 0.0845947 0.513672 0.0239258 0.0136719 0.014183
1 0.089386 0.514648 0.0153198 0.0117188 0.0140076
1 0.690918 0.183105 0.0488281 0.0463867 0.0137177
