1 0.676758 0.195129 0.0605469 0.0550537 0.908203
1 0.950684 0.222595 0.0751953 0.0665283 0.90332
1 0.548828 0.182007 0.0322266 0.0546875 0.89502
0 0.938721 0.165527 0.081543 0.0700684 0.850098
1 0.660156 0.248535 0.0556641 0.050293 0.805176
1 0.297363 0.869141 0.0332031 0.0537109 0.768066
0 0.869629 0.288818 0.0810547 0.0688477 0.737793
2 0.272949 0.860352 0.0302734 0.0341797 0.629883
2 0.946777 0.538574 0.0234375 0.0234375 0.475098
2 0.649902 0.17749 0.0332031 0.0324707 0.408447
0 0.864258 0.655762 0.0166016 0.0195312 0.379639
1 0.272949 0.860352 0.0307617 0.0361328 0.356201
1 0.650391 0.178467 0.0332031 0.0334473 0.351318
1 0.939209 0.165894 0.0805664 0.0708008 0.338867
1 0.870117 0.289062 0.0820312 0.0693359 0.273438
2 0.618652 0.256836 0.0234375 0.0302734 0.167847
0 0.950439 0.223083 0.0756836 0.06604 0.111755
0 0.944824 0.0518188 0.0185547 0.0223389 0.108826
1 0.864258 0.655762 0.0166016 0.0195312 0.0874634
0 0.661133 0.248047 0.0566406 0.0498047 0.0785522
2 0.661133 0.248291 0.0566406 0.0498047 0.0450745
1 0.618652 0.256836 0.0234375 0.0302734 0.0413208
0 0.54834 0.182007 0.0322266 0.0541992 0.0349121
2 0.472656 0.0150146 0.0175781 0.0159302 0.0296783
2 0.297363 0.869629 0.0322266 0.0537109 0.0253601
0 0.296631 0.869141 0.0322266 0.0556641 0.0162506
0 0.676758 0.194397 0.0595703 0.0545654 0.0147324
1 0.945312 0.0519409 0.0195312 0.0224609 0.0146637
0 0.943359 0.0484619 0.015625 0.0151367 0.0108109
1 0.00802612 0.166992 0.0144653 0.0175781 0.0101166
