0 0.671875 0.481445 0.0234375 0.0244141 0.65625
0 0.69043 0.431152 0.0234375 0.0209961 0.573242
0 0.59375 0.38501 0.015625 0.0185547 0.566406
0 0.616211 0.389893 0.0166016 0.0112305 0.0722656
1 0.648926 0.438477 0.0107422 0.0117188 0.062439
0 0.649414 0.437988 0.0107422 0.0126953 0.0523987
2 0.436523 0.130737 0.0136719 0.0163574 0.037323
1 0.758301 0.255371 0.0117188 0.0112305 0.0354614
1 0.671875 0.481445 0.0244141 0.0253906 0.0219421
2 0.519531 0.192139 0.0107422 0.0158691 0.0203705
0 0.758301 0.255371 0.0117188 0.0112305 0.0167389
2 0.456299 0.29126 0.0175781 0.019043 0.0102692
