1 0.00610352 0.597168 0.012207 0.0263672 0.344971
2 0.100342 0.956543 0.0205078 0.0185547 0.21582
1 0.178101 0.854492 0.0583496 0.0654297 0.166382
1 0.568848 0.795898 0.0205078 0.0322266 0.0663452
0 0.0841675 0.0110168 0.0164795 0.00964355 0.0653687
0 0.117279 0.187073 0.0484009 0.0633545 0.0617981
1 0.571777 0.73584 0.0244141 0.0107422 0.0516968
1 0.100342 0.956543 0.0205078 0.0185547 0.0325317
0 0.571289 0.73584 0.0244141 0.0117188 0.0254059
2 0.00616455 0.598633 0.0123291 0.0283203 0.023819
0 0.12854 0.163574 0.0236816 0.0205078 0.0193481
