2 0.988281 0.898438 0.0234375 0.0273438 0.849609
2 0.95752 0.865723 0.0263672 0.0253906 0.847656
2 0.86377 0.959717 0.0195312 0.0239258 0.697266
2 0.837891 0.969971 0.0175781 0.0170898 0.651855
2 0.931152 0.81543 0.0185547 0.0166016 0.651367
1 0.824707 0.978516 0.0136719 0.015625 0.369629
2 0.360107 0.77002 0.0141602 0.0244141 0.312988
1 0.957764 0.865723 0.0258789 0.0244141 0.16394
1 0.838379 0.968994 0.0175781 0.0170898 0.150757
1 0.864258 0.95874 0.0195312 0.0239258 0.108276
1 0.988281 0.898926 0.0234375 0.0273438 0.0521545
2 0.824707 0.978516 0.0136719 0.015625 0.0393677
0 0.824219 0.977539 0.0136719 0.015625 0.0391846
2 0.402588 0.558594 0.0141602 0.0136719 0.0177307
1 0.360107 0.77002 0.0146484 0.0253906 0.0160065
2 0.808594 0.984375 0.0146484 0.0117188 0.0142517
2 0.411621 0.641602 0.0170898 0.0117188 0.0111237
2 0.354248 0.769531 0.0249023 0.0283203 0.0103378
0 0.838379 0.968994 0.0175781 0.0170898 0.010231
