2 0.805664 0.990723 0.0341797 0.0185547 0.793457
1 0.75293 0.979492 0.03125 0.03125 0.644043
1 0.846191 0.120728 0.0136719 0.0168457 0.384033
2 0.75293 0.979736 0.0322266 0.0327148 0.366699
0 0.84668 0.120728 0.0136719 0.0168457 0.203613
1 0.806152 0.989746 0.0322266 0.0205078 0.150024
1 0.810059 0.966064 0.0205078 0.0170898 0.117554
1 0.834961 0.974854 0.0185547 0.0151367 0.0623779
2 0.758301 0.338379 0.0224609 0.0151367 0.0405884
2 0.84668 0.120728 0.0136719 0.0168457 0.0385132
2 0.834961 0.974854 0.0185547 0.0151367 0.0307159
1 0.757812 0.338379 0.0234375 0.015625 0.0250549
2 0.993652 0.385986 0.0126953 0.0219727 0.0208282
0 0.885254 0.0188293 0.0136719 0.0136108 0.0188446
2 0.788086 0.963135 0.0175781 0.0112305 0.0142441
