1 0.948242 0.849609 0.0644531 0.0625 0.962402
0 0.772461 0.782227 0.0683594 0.0585938 0.926758
0 0.442993 0.757324 0.072998 0.0693359 0.882324
1 0.589844 0.884277 0.0859375 0.0751953 0.81543
1 0.979248 0.761719 0.0415039 0.0546875 0.737305
1 0.977539 0.824707 0.0449219 0.0761719 0.727539
1 0.911133 0.822754 0.0771484 0.0761719 0.71875
0 0.562012 0.895508 0.0546875 0.0703125 0.708984
0 0.536621 0.799805 0.0615234 0.0908203 0.5625
1 0.749023 0.856445 0.0244141 0.0585938 0.52832
1 0.931641 0.820312 0.0380859 0.0664062 0.524902
0 0.978516 0.824219 0.0429688 0.078125 0.512695
1 0.536133 0.799316 0.0605469 0.0908203 0.45752
0 0.900879 0.855957 0.0566406 0.0126953 0.411865
0 0.931641 0.822266 0.0380859 0.0703125 0.342041
0 0.749023 0.85498 0.0253906 0.0605469 0.333496
0 0.979492 0.762207 0.0410156 0.0537109 0.291504
1 0.443237 0.757812 0.0744629 0.0683594 0.273438
1 0.562012 0.89502 0.0566406 0.0712891 0.265625
1 0.75 0.84668 0.0234375 0.0400391 0.25708
1 0.993164 0.87207 0.0136719 0.0253906 0.245239
1 0.900879 0.855957 0.0566406 0.0126953 0.185791
0 0.75 0.84668 0.0234375 0.0390625 0.179199
0 0.543945 0.84082 0.0527344 0.015625 0.151855
1 0.543945 0.84082 0.0537109 0.015625 0.0935669
0 0.911133 0.822754 0.0771484 0.0761719 0.0872803
0 0.590332 0.884277 0.0908203 0.0771484 0.0777588
1 0.744629 0.879395 0.0214844 0.0146484 0.0675049
0 0.626465 0.881348 0.015625 0.0488281 0.0388184
0 0.993164 0.87207 0.0117188 0.0263672 0.0354614
1 0.771973 0.782715 0.0683594 0.0595703 0.0335693
1 0.626465 0.881348 0.015625 0.0478516 0.0263214
1 0.989258 0.755371 0.0214844 0.0478516 0.025177
2 0.956055 0.716309 0.0507812 0.0615234 0.0236359
0 0.948975 0.849609 0.0649414 0.0615234 0.0206757
1 0.902832 0.855957 0.0517578 0.0185547 0.0150375
0 0.745117 0.879395 0.0214844 0.0146484 0.0148087
2 0.993164 0.87207 0.0117188 0.0263672 0.0118484
2 0.911133 0.822754 0.0771484 0.0761719 0.0117645
1 0.991211 0.867676 0.0175781 0.0322266 0.0111847
0 0.989258 0.755371 0.0214844 0.0478516 0.0105743
