0 0.079834 0.0535889 0.0427246 0.0426025 0.928223
0 0.688965 0.307373 0.046875 0.0463867 0.911621
0 0.782715 0.248779 0.0341797 0.0390625 0.90332
1 0.797852 0.607422 0.03125 0.0351562 0.886719
1 0.183838 0.800293 0.0268555 0.0253906 0.862305
1 0.469238 0.317139 0.0332031 0.034668 0.856934
1 0.545898 0.310791 0.0175781 0.0263672 0.848145
1 0.89502 0.0540771 0.0273438 0.0354004 0.841309
0 0.308594 0.195068 0.0205078 0.0185547 0.807617
0 0.140869 0.280273 0.0356445 0.0336914 0.803711
1 0.453125 0.299072 0.03125 0.0332031 0.799316
0 0.769531 0.298584 0.0175781 0.0322266 0.791016
0 0.632324 0.263672 0.0263672 0.0405273 0.789551
0 0.245361 0.413818 0.0209961 0.0219727 0.776367
0 0.24292 0.226562 0.0195312 0.0317383 0.771484
1 0.851562 0.0101471 0.0253906 0.0202942 0.770508
2 0.532715 0.324707 0.0195312 0.0249023 0.768066
1 0.426514 0.280273 0.0283203 0.0307617 0.76416
1 0.462646 0.572754 0.0307617 0.0273438 0.736816
1 0.512695 0.35376 0.0263672 0.0327148 0.722168
1 0.462769 0.593262 0.0227051 0.0224609 0.720703
0 0.132202 0.39209 0.0114746 0.0239258 0.704102
0 0.48291 0.595703 0.0244141 0.0283203 0.682129
1 0.173706 0.785645 0.019043 0.0244141 0.621582
0 0.186768 0.00564575 0.0195312 0.0112915 0.583984
0 0.16333 0.253418 0.0117188 0.019043 0.57959
1 0.768066 0.598633 0.0195312 0.0292969 0.565918
0 0.722168 0.30249 0.0185547 0.0375977 0.533203
0 0.512695 0.353516 0.0263672 0.0332031 0.520508
1 0.914062 0.228455 0.0283203 0.0509033 0.516113
0 0.792969 0.0261383 0.0185547 0.0220642 0.486084
1 0.575195 0.605957 0.0185547 0.0283203 0.483887
0 0.768555 0.598633 0.0205078 0.0302734 0.435059
1 0.482422 0.595703 0.0253906 0.0273438 0.391846
1 0.793457 0.0265961 0.0185547 0.0205383 0.335938
0 0.719727 0.298096 0.0253906 0.0473633 0.330811
0 0.575195 0.605957 0.0185547 0.0283203 0.294678
1 0.476685 0.572266 0.017334 0.0234375 0.28833
0 0.173462 0.785645 0.0187988 0.0244141 0.260498
0 0.852051 0.0100708 0.0263672 0.0201416 0.247681
0 0.709961 0.27832 0.0175781 0.0297852 0.224854
0 0.426514 0.280029 0.0288086 0.0307617 0.194336
0 0.469238 0.317383 0.0332031 0.0351562 0.179932
0 0.463013 0.593262 0.0222168 0.0234375 0.16394
1 0.632324 0.263916 0.0273438 0.0410156 0.160645
0 0.694336 0.276123 0.0341797 0.0253906 0.148071
1 0.918457 0.241211 0.0185547 0.0297852 0.137207
0 0.463257 0.572754 0.0324707 0.0273438 0.133301
1 0.289551 0.268799 0.012207 0.0268555 0.130249
2 0.233154 0.270264 0.0161133 0.0209961 0.121887
1 0.245361 0.413818 0.0209961 0.0219727 0.112549
0 0.453369 0.299561 0.0302734 0.0336914 0.107849
0 0.152832 0.277832 0.015625 0.0268555 0.107117
1 0.533203 0.323486 0.0195312 0.0249023 0.0974731
1 0.289551 0.263184 0.0107422 0.0175781 0.0927734
2 0.526367 0.2854 0.0166016 0.0166016 0.0864258
0 0.708008 0.256348 0.0146484 0.0214844 0.0852051
0 0.47644 0.572266 0.0168457 0.0244141 0.0640259
1 0.186279 0.00563049 0.0202637 0.011261 0.0615845
0 0.695801 0.269043 0.0390625 0.0380859 0.0542603
1 0.0800476 0.0532227 0.0425415 0.0421143 0.0506592
0 0.797852 0.60791 0.0322266 0.0351562 0.0499573
1 0.490723 0.32666 0.0107422 0.0209961 0.0493164
0 0.708496 0.27124 0.0195312 0.0419922 0.0483093
1 0.290527 0.273926 0.0102539 0.0161133 0.0465088
0 0.685059 0.276367 0.0224609 0.0263672 0.0462952
1 0.905762 0.244873 0.0117188 0.0131836 0.0444336
0 0.709473 0.254395 0.0195312 0.0185547 0.039978
0 0.182495 0.80127 0.026123 0.0263672 0.0397949
1 0.90625 0.241699 0.0146484 0.0200195 0.0389099
0 0.713379 0.285889 0.0244141 0.0429688 0.0336609
2 0.54541 0.310303 0.0175781 0.0258789 0.029892
1 0.782715 0.248535 0.0351562 0.0385742 0.0297546
1 0.445312 0.2854 0.0161133 0.0180664 0.0289459
1 0.57959 0.614746 0.0117188 0.0175781 0.0283051
1 0.132202 0.391846 0.0117188 0.0244141 0.0276337
2 0.914062 0.228455 0.0283203 0.0513916 0.0263367
0 0.799805 0.0600586 0.0078125 0.00964355 0.0249023
1 0.449951 0.284668 0.0258789 0.0185547 0.0245819
1 0.242676 0.226318 0.0195312 0.0317383 0.0221252
1 0.911133 0.236816 0.0214844 0.0327148 0.0215759
1 0.769531 0.29834 0.0166016 0.0322266 0.0210419
1 0.734375 0.21582 0.0136719 0.0126953 0.0194244
2 0.345459 0.665527 0.0136719 0.015625 0.0193939
0 0.712402 0.293945 0.0322266 0.0546875 0.0186462
1 0.719727 0.297852 0.0253906 0.0478516 0.0179749
1 0.907715 0.220459 0.015625 0.0322266 0.0177002
1 0.466919 0.591309 0.0251465 0.0244141 0.0167694
1 0.723633 0.306641 0.0175781 0.0302734 0.015976
0 0.895996 0.0524902 0.0253906 0.0333252 0.0159607
1 0.689453 0.307373 0.046875 0.0463867 0.0157013
0 0.735352 0.216858 0.0117188 0.0106201 0.0148697
0 0.914062 0.229004 0.0283203 0.0512695 0.0144653
2 0.539062 0.277588 0.0117188 0.0180664 0.0144577
1 0.708496 0.255371 0.015625 0.0185547 0.0142975
2 0.851562 0.0102844 0.0253906 0.0205688 0.0134354
1 0.209961 0.331543 0.0102539 0.0180664 0.0130768
1 0.464478 0.577637 0.0310059 0.0302734 0.0129929
1 0.140259 0.280518 0.0351562 0.0332031 0.0128403
1 0.263428 0.38623 0.0102539 0.0126953 0.0125351
1 0.30835 0.19519 0.0205078 0.0187988 0.0124664
0 0.466797 0.591309 0.0253906 0.0244141 0.0124588
0 0.712402 0.269775 0.0283203 0.0478516 0.0122757
2 0.219727 0.273438 0.0112305 0.015625 0.0122223
1 0.90625 0.216064 0.0146484 0.0244141 0.012146
2 0.837402 0.596191 0.0214844 0.0175781 0.0113678
2 0.296143 0.462402 0.0170898 0.0146484 0.011322
1 0.460083 0.580078 0.0251465 0.0244141 0.0112915
0 0.290283 0.267822 0.0117188 0.0268555 0.011261
2 0.905762 0.244873 0.0117188 0.0131836 0.0109863
2 0.79248 0.026886 0.0175781 0.0210571 0.0108795
0 0.710938 0.261719 0.0244141 0.0327148 0.0105896
2 0.575195 0.605469 0.0195312 0.0292969 0.0105896
2 0.289551 0.263184 0.0107422 0.0175781 0.0102997
